22222222222222222222222222222
20000331111000033111100000002
20000331111000033111100000002
20011330011001100110000110002
20011330011001100110000110002
20011113311001100110011111102
20011113311001100110011111102
20011330000000000000000110002
20011330000000000000000110002
20000001111110011111100330002
20000001111110011111100330002
20011331100300000001100110002
20011331100300000001100110002
20011001100111111001100110112
20011001100000001001100110112
20000000000002201003300003302
20000000000102200003300003302
20011001100100000001100113302
20011001100111111001100113302
20011001100000003001100113302
20011001100000003001100113302
20000331111110011111100000002
20000331111110011111100000002
20011000000000000003333110332
20011000000000000003333110332
20011110011331133113311110332
20011110011331133113311110332
20011000011001133113300110112
20011000011001133113300110112
20000001111000000111100000112
20000001111000000111100000112
23333333333333333333333333332
20000000000000000000000000002
20000000000000000000000000002
20000000000000000001000000002
20000000000000000001000000002
20000000000000000001000000002
20000000000000000001000000012
20000000000000000001000000012
21111111111111111001000000012
20000000000000000001000000012
20000000000000000001000000012
20000000000000010001000001112
20000000000000010001000001112
20000000000000010001000001112
20000000000000010001000001112
20000000000000010001000001112
22222222222222222222222222222
