22222222222222222222222222222
20000000000000000000000000002
23333333333333333333333333332
23000000000000000000000000002
20000000000000000000000000002
20000000000000000000000000002
20000000000011111111111111102
20000000000050000000000000502
20000000000050000000000000502
23000000000000000000000000002
23000000000050000000000000502
23000000000050000000000000502
23000000000011111111111111102
23000000000000000000000000002
23000000000000000000000000002
23555500000555555544444555552
23000000000000000000000000002
23000000000000000000000000002
23000000000000000000000000002
23000000000000000000000000002
23000000000000000000000000002
23000000000000000000000000002
23000000000000000000000000002
23000000000000000000000000002
23000000000000000000000000002
23000000000000000000000000002
23000000000000000000000000002
23000000000000000000000000002
23000000000000000000000000002
23000000000000000000000000002
23000000000000000000000000002
23000000000000000000000000002
23000000000000000000000000002
23000000000000000000000000002
23000000000000000000000000002
23000000000000000000000000012
23000000000000000000000000012
23000000000000000000000000012
23000000000000000000000000012
23333333333333333333333333332
20000000000000000000000000002
20000000000000000000000000002
23333333333333333333333333332
20000000000000000000000000002
20000000000000000000000000002
20000000000000000000000000002
20000000000000000000000000002
22222222222222222222222222222