0|60.9998|248042
1|60.9998|253244
2|60.9998|251821
3|60.9998|265896
4|60.9998|266602
5|60.9998|267197
6|60.9998|251797
7|60.9998|346289
8|60.9998|263497
9|60.9998|251516
10|60.9998|254430
11|60.9998|245086
12|60.9998|248715
13|60.9998|286041
14|60.9998|251172
15|60.9998|264790
16|60.9998|264465
17|60.9998|266944
18|60.9998|263603
19|60.9998|265920
20|60.9998|259890
21|60.9998|244430
22|60.9998|246475
23|60.9998|255611
24|60.9998|255074
25|60.9998|250342
26|60.9998|251191
27|60.9998|252152
28|60.9998|253862
29|60.9998|244220
30|60.9998|239542
31|60.9998|240476
32|60.9998|249490
33|60.9998|240387
34|60.9998|251127
35|60.9998|298250
36|60.9998|252305
37|60.9998|250982
38|60.9998|250040
39|60.9998|249723
40|60.9998|230240
41|60.9998|260763
42|60.9998|243964
43|60.9998|245889
44|60.9998|238427
45|60.9998|252972
46|60.9998|250718
47|60.9998|253194
48|60.9998|251937
49|60.9998|241272
50|60.9998|238160
51|60.9998|240541
52|60.9998|234891
53|60.9998|239705
54|60.9998|244067
55|60.9998|222959
56|60.9998|229161
57|60.9998|251348
58|60.9998|236730
59|60.9998|233001
60|60.9998|245336
61|60.9998|250158
62|60.9998|219954
63|60.9998|242727
64|60.9998|249308
65|60.9998|250448
66|60.9998|253794
67|60.9998|252813
68|60.9998|253850
69|60.9998|253915
70|60.9998|256810
71|60.9998|265841
72|60.9998|266007
73|60.9998|260250
74|60.9998|247838
75|60.9998|253160
76|60.9998|254776
77|60.9998|249481
78|60.9998|242365
79|60.9998|251075
80|60.9998|253800
81|60.9998|254459
82|60.9998|254633
83|60.9998|257789
84|60.9998|264372
85|60.9998|253850
86|60.9998|246675
87|60.9998|253016
88|60.9998|253929
89|60.9998|253144
90|60.9998|254189
91|60.9998|258611
92|60.9998|235969
93|60.9998|251358
94|60.9998|250419
95|60.9998|269599
96|60.9998|263884
97|60.9998|265231
98|60.9998|263716
99|60.9998|255713
100|60.9998|250709
101|60.9998|250792
102|60.9998|252294
103|60.9998|246561
104|60.9998|250199
105|60.9998|249739
106|60.9998|262120
107|60.9998|263361
108|60.9998|251833
109|60.9998|253106
110|60.9998|254035
111|60.9998|251011
112|60.9998|259430
113|60.9998|243033
114|60.9998|340853
115|60.9998|248860
116|60.9998|244470
117|60.9998|248178
118|60.9998|253459
119|60.9998|263485
120|60.9998|273111
121|60.9998|231483
122|60.9998|223820
123|60.9998|254303
124|60.9998|257368
125|60.9998|244744
126|60.9998|249609
127|60.9886|261907
128|60.9998|244842
129|60.9998|244515
130|60.9998|248701
131|60.9998|270274
132|60.9998|230474
133|60.9998|236829
134|60.9998|240244
135|60.9998|241883
136|60.9998|248833
137|60.9998|261887
138|60.9998|259976
139|60.9998|247814
140|60.9998|247049
141|60.9998|250608
142|60.9998|245400
143|60.9998|259310
144|60.9998|264457
145|60.9998|262736
146|60.9998|263565
147|60.9998|250474
148|60.9998|255234
149|60.9998|241421
150|60.9998|263747
151|60.9998|263119
152|60.9998|262471
153|60.9998|242952
154|60.9998|246319
155|60.9998|248434
156|60.9998|239425
157|60.9998|266080
158|60.9998|262896
159|60.9998|263463
160|60.9998|264944
161|60.9998|262914
162|60.9998|260893
163|60.9998|261259
164|60.9998|270458
165|60.9998|252691
166|60.9998|254628
167|60.9998|253927
168|60.9998|249811
169|60.9998|257096
170|60.9998|264006
171|60.9998|264366
172|60.9998|266336
173|60.9998|265291
174|60.9998|263856
175|60.9998|250267
176|60.9998|253344
177|60.9998|253236
178|60.9998|266690
179|60.9998|245967
180|60.9998|251749
181|60.9998|250184
182|60.9998|249601
183|60.9998|266220
184|60.9998|258080
185|60.9998|265848
186|60.9998|260951
187|60.9998|246172
188|60.9998|249335
189|60.9998|236604
190|60.9998|240740
191|60.9998|250145
192|60.9998|244110
193|60.9998|237979
194|60.9998|242631
195|60.9998|219182
196|60.9998|226806
197|60.9998|243577
198|60.9998|236526
199|60.9998|236408
200|60.9998|238308
201|60.9998|248950
202|60.9998|250514
203|60.9998|253110
204|60.9998|255162
205|60.9998|265958
206|60.9998|251300
207|60.9998|265123
208|60.9998|255436
209|60.9998|271731
210|60.9998|251445
211|60.9998|246742
212|60.9998|250336
213|60.9998|248721
214|60.9998|244925
215|60.9998|246361
216|60.9998|246837
217|60.9998|248852
218|60.9998|246990
219|60.9998|214504
220|60.9998|261236
221|60.9998|263570
222|60.9998|305497
223|60.9998|387952
224|60.9998|405069
225|60.9998|405674
226|60.9998|408438
227|60.9998|404730
228|60.9998|385131
229|60.9998|370914
230|60.9998|369257
231|60.9998|432592
232|60.9998|404227
233|60.9998|435911
234|60.9998|433317
235|60.9998|429952
236|60.9998|393153
237|60.9998|426386
238|60.9998|426763
239|60.9998|439431
240|60.9998|436285
241|60.9998|427751
242|60.9998|431516
243|60.9998|427847
244|60.9998|437901
245|60.9998|425535
246|60.9998|434330
247|60.9998|426329
248|60.9998|419227
249|60.9998|426809
250|60.9998|411177
251|60.9804|423312
252|60.9998|428812
253|60.9998|437484
254|60.9998|433413
255|60.9998|425505
256|60.9998|433705
257|60.9998|426355
258|60.9998|405900
259|60.9998|419938
260|60.9998|426370
261|60.9998|441259
262|60.9998|436019
263|60.9998|437838
264|60.9998|423028
265|60.9998|399612
266|60.9998|436642
267|60.9998|430710
268|60.9998|425989
269|60.9998|415376
270|60.9998|414891
271|60.9998|408557
272|60.9998|409336
273|60.9998|417139
274|60.9998|416207
275|60.9998|424608
276|60.9998|381806
277|60.9998|401237
278|60.9961|329286
279|60.9998|383583
280|60.9998|425839
281|60.9998|432650
282|60.9998|427111
283|60.9998|434558
284|60.9883|396189
285|60.9998|368678
286|60.9998|414745
287|60.9998|384719
288|60.9998|395682
289|60.9998|357207
290|60.9998|422152
291|60.9998|382798
292|60.9998|426366
293|60.9998|414379
294|60.9998|404058
295|60.9998|435886
296|60.9998|430803
297|60.9998|436215
298|60.9998|433806
299|60.9998|436445
300|60.9998|430239
301|60.9998|422717
302|60.9998|427909
303|60.9998|421348
304|60.9998|431020
305|60.9998|433448
306|60.9998|436746
307|60.9998|437938
308|60.9998|431933
309|60.9998|433172
310|60.9998|425296
311|60.9998|427428
312|60.9998|431163
313|60.9998|428323
314|60.9998|426694
315|60.9998|434515
316|60.9998|426709
317|60.9998|434517
318|60.9998|433270
319|60.9998|438530
320|60.9998|428546
321|60.9998|430256
322|60.9998|409247
323|60.9998|369396
324|60.9998|367631
325|60.9998|341499
326|60.9998|389489
327|60.9998|430158
328|60.9998|428239
329|60.9998|414038
330|60.9998|421176
331|60.9998|309490
332|60.9998|330377
333|60.9998|423844
334|60.9998|439538
335|60.9998|428569
336|60.9998|431169
337|60.9998|339755
338|60.9998|326348
339|60.9998|288614
340|60.9998|315224
341|60.9998|436501
342|60.9998|334897
343|60.9998|413083
344|60.9998|409435
345|60.9998|411706
346|60.9998|420796
347|60.9998|364187
348|60.9998|434921
349|60.9998|435674
350|60.9998|431321
351|60.9998|424919
352|60.9998|412765
353|60.9998|433770
354|60.9998|431016
355|60.9998|431070
356|60.9998|423082
357|60.9998|434593
358|60.9998|432426
359|60.9998|439274
360|60.9998|429554
361|60.9998|425835
362|60.9998|426197
363|60.9998|404166
364|60.9998|389744
365|60.9998|373711
366|60.9998|389570
367|60.9998|425161
368|60.9998|426085
369|60.9998|439493
370|60.9998|437041
371|60.9998|433389
372|60.9998|435088
373|60.9998|434725
374|60.9998|434287
375|60.9998|440048
376|60.9998|421855
377|60.9998|434074
378|60.9998|430332
379|60.9998|431428
380|60.9998|434545
381|60.9998|432244
382|60.9998|435959
383|60.9998|432583
384|60.9998|435633
385|60.9998|425491
386|60.9998|422544
387|60.9998|416288
388|60.9998|422976
389|60.9998|437899
390|60.9998|437594
391|60.9998|442155
392|60.9998|431291
393|60.9998|438782
394|60.9998|428664
395|60.9998|427927
396|60.9998|435872
397|60.9998|436511
398|60.9998|353749
399|60.9998|395650
400|60.9998|386672
401|60.9998|392752
402|60.9998|356797
403|60.9998|345978
404|60.9998|404868
405|60.9998|430599
406|60.9953|403513
407|60.9998|414078
408|60.9998|320417
409|60.9998|377211
410|60.992|405979
411|60.9998|406987
412|60.9998|435020
413|60.9998|419563
414|60.9998|418953
415|60.9998|414422
416|60.9998|428608
417|60.9998|434345
418|60.9998|397325
419|60.9998|436405
420|60.9998|434266
421|60.9998|433821
422|60.9998|430380
423|60.9998|428221
424|60.9998|423735
425|60.9998|417330
426|60.9998|434944
427|60.9998|431053
428|60.9998|436662
429|60.9998|429232
430|60.9998|428136
431|60.9998|418605
432|60.9998|421740
433|60.9998|423661
434|60.9998|418709
435|60.9998|431373
436|60.9998|417422
437|60.9998|302247
438|60.9998|342429
439|60.9998|337296
440|60.9998|371333
441|60.9998|410970
442|60.9998|417704
443|60.9998|375046
444|60.9998|362239
445|60.9998|364830
446|60.9998|348059
447|60.9998|438441
448|60.9998|436175
449|60.9998|429590
450|60.9998|417764
451|60.9998|425475
452|60.9998|394519
453|60.9998|430632
454|60.9998|431897
455|60.9998|429590
456|60.9998|434033
457|60.9998|430560
458|60.9998|412179
459|60.9998|394421
460|60.9998|279540
461|60.4763|317571
462|60.9998|302783
463|60.9998|349672
464|60.9998|430508
465|60.9998|435595
466|60.9998|423637
467|60.9998|428260
468|60.9998|403020
469|60.9998|351425
470|60.9998|389508
471|60.9998|415613
472|60.9998|379195
473|60.9998|429978
474|60.9998|439785
475|60.9998|429338
476|60.9998|427948
477|60.9998|428449
478|60.9998|428254
479|60.9998|402743
480|60.9998|370668
481|60.9998|427722
482|60.9998|424052
483|60.9998|420772
484|60.9998|404444
485|60.9998|415376
486|60.9998|430658
487|60.9998|414811
488|60.9998|433540
489|60.9998|425686
490|60.9998|423247
491|60.9998|428810
492|60.9998|435015
493|60.9998|430494
494|60.9998|431148
495|60.9998|435764
496|60.9998|435205
497|60.9998|436634
498|60.9998|395587
499|60.9998|425947
500|60.9998|424581
501|60.9998|426522
502|60.9998|368377
503|60.9998|403334
504|60.9998|432035
505|60.9998|439286
506|60.9998|435121
507|60.9998|430104
508|60.9998|428370
509|60.9998|429778
510|60.9998|432969
511|60.9998|435317
512|60.9998|435569
513|60.9998|436242
514|60.9998|425171
515|60.9998|426896
516|60.9998|383901
517|60.9998|424956
518|60.9998|424671
519|60.9998|391516
520|60.9998|398807
521|60.9998|400090
522|60.9998|417887
523|60.9998|346644
524|60.9998|381974
525|60.9998|418630
526|60.9998|423768
527|60.9998|424909
528|60.9998|359612
529|60.9998|363800
530|60.9998|404370
531|60.9998|385747
532|60.9998|405192
533|60.9998|406278
534|60.9998|435128
535|60.9998|437897
536|60.9998|427162
537|60.9998|425338
538|60.9998|425512
539|60.9998|428035
540|60.9998|435821
541|60.9998|435394
542|60.9998|409901
543|60.9998|415755
544|60.9998|425573
545|60.9998|423176
546|60.9998|418811
547|60.9998|408135
548|60.9998|412271
549|60.9998|419625
550|60.9998|353070
551|60.9998|416903
552|60.9998|396026
553|60.9998|431413
554|60.9998|435884
555|60.9998|433314
556|60.9998|436477
557|60.9998|428595
558|60.9998|423504
559|60.9998|422634
560|60.9998|415675
561|60.9998|408295
562|60.9998|402471
563|60.9998|402636
564|60.9998|434004
565|60.9998|434816
566|60.9998|410577
567|60.9998|409202
568|60.9998|433406
569|60.9998|430432
570|60.9998|429683
571|60.9998|433167
572|60.9998|430570
573|60.9998|430690
574|60.9998|411010
575|60.9998|411033
576|60.9998|407832
577|60.9998|384770
578|60.9998|410920
579|60.9998|341746
580|60.9998|337934
581|60.9998|359235
582|60.9998|380954
583|60.9998|399417
584|60.9998|403318
585|60.9998|405071
586|60.9998|408255
587|60.9998|389778
588|60.9998|348553
589|60.9998|313771
590|60.9998|425157
591|60.9998|430252
592|60.9998|428315
593|60.9998|429366
594|60.9998|428411
595|60.9998|429565
596|60.9998|394727
597|60.9998|412828
598|60.9998|416918
599|60.9998|414172
600|60.9998|431671
601|60.9998|423625
602|60.9998|425102
603|60.9845|398577
604|60.9998|411404
605|60.9998|431145
606|60.9998|431736
607|60.9998|439432
608|60.9998|424499
609|60.976|423879
610|60.9998|436549
611|60.9998|435412
612|60.9998|433128
613|60.9886|433251
614|60.9998|438946
615|60.9998|436502
616|60.9998|409025
617|60.9998|412900
618|60.9998|422141
619|60.9998|436089
620|60.9998|425575
621|60.9998|432592
622|60.9998|425589
623|60.9998|431128
624|60.9998|417714
625|60.9998|379857
626|60.9998|418378
627|60.9998|425734
628|60.9998|433002
629|60.9998|435423
630|60.9998|424041
631|60.9998|414587
632|60.9998|423221
633|60.9998|408117
634|60.9998|431389
635|60.9998|437330
636|60.9998|435330
637|60.9998|432824
638|60.9998|422124
639|60.9998|413352
640|60.9998|423985
641|60.9998|430552
642|60.9998|423132
643|60.9998|388703
644|60.9998|356522
645|60.9849|320978
646|60.9998|329787
647|60.9998|424428
648|60.9998|439292
649|60.9998|438641
650|60.9998|435999
651|60.9998|435592
652|60.9998|422587
653|60.9998|390997
654|60.9998|377064
655|60.9998|404330
656|60.9998|405880
657|60.9998|420613
658|60.9998|433031
659|60.9998|428541
660|60.9998|425815
661|60.9998|404889
662|60.9998|431401
663|60.9998|429720
664|60.9998|423467
665|60.9998|436544
666|60.9942|422575
667|60.9998|405365
668|60.9998|429684
669|60.9195|435907
670|60.9998|369935
671|60.9998|431067
672|60.9998|436525
673|60.9998|422841
674|60.9998|387517
675|60.9998|384881
676|60.9998|420410
677|60.9998|435582
678|60.9998|432754
679|60.9998|437804
680|60.9998|430280
681|60.9998|432695
682|60.9912|440042
683|60.9998|426360
684|60.9998|431846
685|60.9998|427909
686|60.9998|433948
687|60.9998|418980
688|60.9998|417975
689|60.9998|403126
690|60.9998|418124
691|60.9998|412542
692|60.9994|429880
693|60.9998|437179
694|60.9998|428369
695|60.9998|426097
696|60.9998|422872
697|60.9998|418450
698|60.9998|432681
699|60.9998|424988
700|60.9998|433731
701|60.9998|439559
702|60.9998|418652
703|60.9998|421341
704|60.9998|396568
705|60.9998|406531
706|60.9998|367271
707|60.9998|344259
708|60.9998|394436
709|60.9998|431388
710|60.9998|407019
711|60.9998|399820
712|60.9998|403335
713|60.9998|438144
714|60.9998|436315
715|60.9998|436233
716|60.9998|431369
717|60.9998|422640
718|60.9998|418006
719|60.9998|436700
720|60.9998|435959
721|60.9998|433736
722|60.9998|426102
723|60.9998|421114
724|60.9998|433319
725|60.9998|421747
726|60.9998|423194
727|60.9998|437417
728|60.9998|423299
729|60.9998|425677
730|60.9998|434375
731|60.9998|430543
732|60.9998|433946
733|60.9998|417333
734|60.9998|428869
735|60.9998|430796
736|60.9998|436801
737|60.9998|436809
738|60.9998|421776
739|60.9998|430072
740|60.9998|430250
741|60.9998|416325
742|60.9998|435231
743|60.9998|437250
744|60.9998|433816
745|60.9998|438442
746|60.9998|417198
747|60.9998|411223
748|60.9998|426608
749|60.9998|437234
750|60.9998|436155
751|60.9399|421762
752|60.9998|393209
753|60.9998|369148
754|60.9998|418762
755|60.9998|381029
756|60.9998|418674
757|60.9998|428834
758|60.9998|359283
759|60.9998|432841
760|60.9998|420173
761|60.9998|418265
762|60.9998|424684
763|60.9998|438461
764|60.9998|408365
765|60.9998|406443
766|60.9998|326679
767|60.9998|370181
768|60.9998|327572
769|60.9998|347348
770|60.9998|332296
771|60.9998|422819
772|60.9998|429116
773|60.9998|434684
774|60.9998|419491
775|60.9998|416357
776|60.9998|392082
777|60.9998|402826
778|60.9998|404061
779|60.9998|398166
780|60.9998|431780
781|60.9998|438947
782|60.9998|434518
783|60.9998|424938
784|60.9998|427538
785|60.9998|436189
786|60.9998|432552
787|60.9998|431107
788|60.9998|424002
789|60.9998|420441
790|60.9998|402923
791|60.9998|400220
792|60.9998|423945
793|60.9998|417548
794|60.9998|428519
795|60.9998|436171
796|60.9998|423989
797|60.9998|400452
798|60.9998|424716
799|60.9998|431900
800|60.9998|422268
801|60.9998|432717
802|60.9998|438633
803|60.9998|428299
804|60.9998|429419
805|60.9987|436807
806|60.9998|431429
807|60.9998|427478
808|60.9998|434259
809|60.9998|433829
810|60.9998|425156
811|60.9998|428334
812|60.9998|433414
813|60.9998|430015
814|60.9998|428993
815|60.9998|435369
816|60.9998|429537
817|60.9998|423706
818|60.9998|428013
819|60.9998|404443
820|60.9998|437940
821|60.9998|436205
822|60.9949|425870
823|60.9998|419062
824|60.9998|411340
825|60.9998|396359
826|60.9998|349157
827|60.9998|386871
828|60.9998|442386
829|60.9998|402789
830|60.9998|410554
831|60.9998|378682
832|60.9998|361775
833|60.9998|436989
834|60.9998|435959
835|60.9979|436543
836|60.9998|436665
837|60.9998|437809
838|60.9998|432584
839|60.9998|432066
840|60.9998|423638
841|60.9998|433275
842|60.9998|425783
843|60.9998|428345
844|60.9998|430524
845|60.9998|363923
846|60.9998|424553
847|60.9998|432499
848|60.9998|422669
849|60.9998|433053
850|60.9998|423362
851|60.9998|427541
852|60.9998|411827
853|60.9998|390754
854|60.9998|427409
855|60.9998|441509
856|60.9998|436476
857|60.9998|435176
858|60.9998|435093
859|60.9998|440056
860|60.9998|427302
861|60.9998|417965
862|60.9998|427700
863|60.9998|427950
864|60.9998|430216
865|60.9998|433464
866|60.9998|435554
867|60.9998|439662
868|60.9998|434279
869|60.9998|433032
870|60.9998|436752
871|60.9998|423067
872|60.9998|424087
873|60.9998|422648
874|60.9998|431176
875|60.9998|407544
876|60.9998|424692
877|60.9998|413133
878|60.9998|402142
879|60.9998|431708
880|60.9998|433565
881|60.9998|430529
882|60.9998|422198
883|60.9998|424877
884|60.9998|412662
885|60.9998|425623
886|60.9998|414432
887|60.9998|340508
888|60.9998|425106
889|60.9998|399323
890|60.9998|371482
891|60.9998|400325
892|60.9998|427067
893|60.9998|428168
894|60.9998|375643
895|60.9998|417352
896|60.9998|425568
897|60.9998|409384
898|60.9998|422216
899|60.9998|375622
900|60.9998|409653
901|60.9998|412561
902|60.9998|395655
903|60.9998|421547
904|60.9998|415065
905|60.9998|427001
906|60.9998|354190
907|60.999|391695
908|60.9998|383084
909|60.9998|438498
910|60.9998|433775
911|60.9998|429373
912|60.9998|419715
913|60.9998|414371
914|60.9998|433094
915|60.9998|377230
916|60.9998|377317
917|60.9998|338920
918|60.9998|392138
919|60.9998|351603
920|60.9998|409865
921|60.9998|405851
922|60.9998|406597
923|60.9998|388989
924|60.9998|414975
925|60.9998|413735
926|60.9998|428174
927|60.9998|400851
928|60.9998|403198
929|60.9998|395544
930|60.9998|424387
931|60.9998|431987
932|60.9998|418883
933|60.9998|411227
934|60.9998|429702
935|60.9998|427382
936|60.9998|418512
937|60.9998|413422
938|60.9998|417824
939|60.9998|409919
940|60.9998|410295
941|60.9998|375087
942|60.9998|417266
943|60.9998|425379
944|60.9998|413816
945|60.9998|424955
946|60.9998|430007
947|60.6914|376879
948|60.9998|365866
949|60.9998|322513
950|60.9998|334973
951|60.9998|360962
952|60.9998|318812
953|60.9998|336957
954|60.9998|373453
955|60.9998|410466
956|60.9998|399923
957|60.9998|426065
958|60.9998|428289
959|60.9998|433734
960|60.9998|435940
961|60.9998|427865
962|60.9998|428572
963|60.9998|418431
964|60.9998|436241
965|60.9998|419316
966|60.9998|417599
967|60.9998|295375
968|60.9998|397059
969|60.9998|331809
970|60.9998|385220
971|60.9998|419119
972|60.9998|418239
973|60.9998|405016
974|60.9998|352958
975|60.9998|357318
976|60.9998|391360
977|60.9998|342607
978|60.9998|397769
979|60.9998|361824
980|60.9998|405011
981|60.9998|410088
982|60.9998|352651
983|60.9998|355498
984|60.9998|385449
985|60.9998|400878
986|60.9998|389223
987|60.9998|395599
988|60.9998|389020
989|60.9998|378062
990|60.9998|377991
991|60.9998|407924
992|60.9998|412224
993|60.9998|407535
994|60.9998|435105
995|60.9998|425776
996|60.9998|425086
997|60.9998|412855
998|60.9998|411952
999|60.9998|411172
1000|60.9998|423218
1001|60.9998|422743
1002|60.9998|429994
1003|60.9998|434103
1004|60.9998|435290
1005|60.9998|428448
1006|60.9998|419340
1007|60.9998|418420
1008|60.9998|410429
1009|60.9998|380315
1010|60.9998|404529
1011|60.9998|302350
1012|60.9998|314033
1013|60.9998|346975
1014|60.9998|339023
1015|60.9998|346882
1016|60.9998|417300
1017|60.9998|404062
1018|60.9998|417440
1019|60.9998|373836
1020|60.9998|369424
1021|60.9998|348450
1022|60.9998|388364
1023|60.9998|387392
1024|60.9998|404782
1025|60.9998|428077
1026|60.9998|410195
1027|60.9998|410490
1028|60.9998|408984
1029|60.9998|428728
1030|60.9998|428362
1031|60.9998|421060
1032|60.9998|422370
1033|60.9998|389138
1034|60.9998|427051
1035|60.9998|433280
1036|60.9998|422979
1037|60.9998|427698
1038|60.9998|423617
1039|60.9998|391991
1040|60.9998|398469
1041|60.9998|429055
1042|60.9938|426592
1043|60.9998|375219
1044|60.9998|317523
1045|60.9998|334813
1046|60.9998|414649
1047|60.9998|417367
1048|60.9998|427440
1049|60.9998|403948
1050|60.9998|433360
1051|60.9998|409573
1052|60.9998|327173
1053|60.9998|399206
1054|60.9998|289921
1055|60.9998|328034
1056|60.9998|338585
1057|60.9998|401432
1058|60.9998|406315
1059|60.9998|372425
1060|60.9998|362053
1061|60.9998|400035
1062|60.9998|351684
1063|60.9998|387069
1064|60.9998|408310
1065|60.9998|428591
1066|60.9998|426921
1067|60.9998|428105
1068|60.9998|421717
1069|60.9998|388532
1070|60.9998|387310
1071|60.9998|380634
1072|60.9998|398972
1073|60.9998|396072
1074|60.9998|396683
1075|60.9998|329582
1076|60.9998|354145
1077|60.9998|408480
1078|60.9998|414010
1079|60.9998|433582
1080|60.9998|433586
1081|60.9998|431230
1082|60.9998|412092
1083|60.9998|410574
1084|60.9998|402932
1085|60.9998|403224
1086|60.9998|385051
1087|60.9998|352940
1088|60.9998|405722
1089|60.9998|424031
1090|60.9998|407564
1091|60.9998|396411
1092|60.9998|404685
1093|60.9998|403552
1094|60.9998|414699
1095|60.9998|405397
1096|60.9998|403392
1097|60.9998|414017
1098|60.9998|377713
1099|60.9998|406112
1100|60.9998|416912
1101|60.9998|406233
1102|60.9998|416844
1103|60.9998|396945
1104|60.9998|425556
1105|60.9998|410652
1106|60.9998|421669
1107|60.9998|416290
1108|60.9998|409450
1109|60.9998|422950
1110|60.9998|408269
1111|60.9998|395287
1112|60.9998|427156
1113|60.9998|391532
1114|60.9998|416607
1115|60.9998|418602
1116|60.9998|416995
1117|60.9998|417499
1118|60.9998|410130
1119|60.9998|418859
1120|60.9998|413297
1121|60.9998|408886
1122|60.9998|399704
1123|60.9998|430031
1124|60.9998|424311
1125|60.9998|434604
1126|60.9998|413493
1127|60.9998|396983
1128|60.9998|422528
1129|60.9998|417921
1130|60.9998|403962
1131|60.9998|426769
1132|60.9998|369187
1133|60.9998|403524
1134|60.9998|417494
1135|60.9998|388841
1136|60.9998|372598
1137|60.9998|363811
1138|60.9998|315236
1139|60.9998|372528
1140|60.9998|415716
1141|60.9998|424590
1142|60.9998|410635
1143|60.9998|398662
1144|60.9998|367696
1145|60.9998|422827
1146|60.9998|389840
1147|60.9998|324537
1148|60.9998|356742
1149|60.9998|400686
1150|60.9998|411808
1151|60.9998|420586
1152|60.9998|359289
1153|60.9998|355811
1154|60.9998|385245
1155|60.9998|399437
1156|60.9998|252138
1157|60.9998|320714
1158|60.9998|366544
1159|60.9998|381755
1160|60.9998|326148
1161|60.9998|345900
1162|60.9998|347202
1163|60.9998|335081
1164|60.9998|329368
1165|60.9998|393803
1166|60.9998|340588
1167|60.9998|385338
1168|60.9998|372352
1169|60.9998|407700
1170|60.9998|359197
1171|60.9998|375143
1172|60.9998|361286
1173|60.9998|381031
1174|60.9998|340628
1175|60.9998|324395
1176|60.9998|323581
1177|60.9998|341852
1178|60.9173|333217
1179|60.6542|330332
1180|60.9998|326364
1181|60.9998|264598
1182|60.9998|286227
1183|60.9998|327966
1184|60.9998|326176
1185|60.9998|274387
1186|60.9998|321183
1187|60.9998|292702
1188|60.9998|285947
1189|60.914|307400
1190|60.9998|312534
1191|60.9998|282858
1192|60.9998|352521
1193|60.9998|404116
1194|60.9897|289845
1195|60.9998|291448
1196|60.9998|282940
1197|60.9998|299998
1198|60.9998|323611
1199|60.9998|329591
1200|60.9998|281580
1201|60.9998|318268
1202|60.9938|283893
1203|60.9998|305530
1204|60.9998|350839
1205|60.9998|321872
1206|60.9998|273045
1207|60.9998|331899
1208|60.9998|313489
1209|60.9998|325983
1210|60.9998|330781
1211|60.9998|328004
1212|60.9998|321814
1213|60.9998|316883
1214|60.9998|316884
1215|60.9998|274702
1216|60.9998|337092
1217|60.9998|340891
1218|60.9998|344995
1219|60.9998|353259
1220|60.9998|376501
1221|60.9998|319714
1222|60.9998|336098
1223|60.9998|331485
1224|60.9998|302290
1225|60.9998|317929
1226|60.9998|341616
1227|60.9998|337320
1228|60.9998|298357
1229|60.9998|341723
1230|60.9998|316218
1231|60.9998|255936
1232|60.9998|305915
1233|60.9998|322523
1234|60.9998|323867
1235|60.9998|298395
1236|60.9998|344019
1237|60.9998|338100
1238|60.9998|341713
1239|60.9998|332689
1240|60.9998|351560
1241|60.9998|347431
1242|60.9998|318366
1243|60.9998|330457
1244|60.9998|316341
1245|60.9998|279950
1246|60.9998|280769
1247|60.9998|259868
1248|60.9998|320373
1249|60.9998|337506
1250|60.9998|294514
1251|60.9998|267469
1252|60.9998|229438
1253|60.9998|220787
1254|60.9998|247177
1255|60.9998|237617
1256|60.9998|243647
1257|60.9998|258492
1258|60.9998|341439
1259|60.9998|289620
1260|60.9998|267013
1261|60.9998|276728
1262|60.9998|268727
1263|60.6156|302108
1264|60.9998|292878
1265|60.9998|243255
1266|60.9998|255764
1267|60.9998|271191
1268|60.9998|292276
1269|60.9998|298237
1270|60.9998|277510
1271|60.9998|306681
1272|60.9619|276597
1273|60.9998|354290
1274|60.9998|365447
1275|60.9998|273044
1276|60.9998|273362
1277|60.9998|242938
1278|60.9998|251356
1279|60.9998|233863
1280|60.9998|298618
1281|60.9998|220009
1282|60.9998|217796
1283|60.9998|224331
1284|60.9998|300769
1285|60.9998|227511
1286|60.9998|209317
1287|60.9998|221177
1288|60.9998|252258
1289|60.9998|252401
1290|60.9998|283069
1291|60.9998|247480
1292|60.9998|245642
1293|60.9998|245849
1294|60.9998|303327
1295|60.9998|246482
1296|60.9998|219545
1297|60.9998|232836
1298|60.9998|230786
1299|60.9998|212966
1300|60.9998|235718
1301|60.9998|255755
1302|60.9998|199404
1303|60.9998|212060
1304|60.9998|216551
1305|60.9998|206057
1306|60.9998|266533
1307|60.9998|327938
1308|60.9998|306949
1309|60.9998|316544
1310|60.9998|310142
1311|60.9998|367554
1312|60.9946|322513
1313|60.9998|344101
1314|60.9998|367006
1315|60.9998|380044
1316|60.9998|301099
1317|60.9998|348642
1318|60.9998|367108
1319|60.9998|424623
1320|60.9998|412030
1321|60.9998|419521
1322|60.9998|413750
1323|60.9998|399836
1324|60.9998|405805
1325|60.9998|422658
1326|60.9998|434757
1327|60.9998|399882
1328|60.9998|398766
1329|60.9998|409059
1330|60.9998|395175
1331|60.9998|388669
1332|60.7954|311499
1333|60.9998|373774
1334|60.9998|317330
1335|60.9998|344329
1336|60.9998|426537
1337|60.9998|387238
1338|60.9998|414882
1339|60.9998|405813
1340|60.9998|428100
1341|60.9998|416249
1342|60.9998|386775
1343|60.9998|399695
1344|60.9998|390516
1345|60.9998|420542
1346|60.9998|398697
1347|60.9998|416398
1348|60.9998|368521
1349|60.9998|385707
1350|60.9998|408141
1351|60.9998|425903
1352|60.9998|432112
1353|60.9998|421566
1354|60.9998|428541
1355|60.9998|436406
1356|60.9998|435553
1357|60.9998|419473
1358|60.9998|427730
1359|60.9998|435966
1360|60.9998|437526
1361|60.9998|433752
1362|60.9998|422166
1363|60.9998|421033
1364|60.9998|411455
1365|60.9998|417399
1366|60.9998|418975
1367|60.9998|417408
1368|60.9998|410665
1369|60.9998|414969
1370|60.9998|389531
1371|60.9998|368342
1372|60.9998|347653
1373|60.9998|392625
1374|60.9998|385685
1375|60.9998|410775
1376|60.9998|410292
1377|60.9998|395568
1378|60.9998|376029
1379|60.9998|365568
1380|60.9998|426236
1381|60.9998|421715
1382|60.9998|408647
1383|60.9998|419391
1384|60.9983|415708
1385|60.9998|414101
1386|60.9998|409649
1387|60.9998|418820
1388|60.9998|407871
1389|60.9998|385126
1390|60.9998|416153
1391|60.9998|405024
1392|60.9998|403702
1393|60.9998|412738
1394|60.9998|388359
1395|60.9998|428380
1396|60.9998|431348
1397|60.9998|418970
1398|60.9998|421152
1399|60.9998|424884
1400|60.9998|411922
1401|60.9998|428698
1402|60.9998|430314
1403|60.9998|427676
1404|60.9998|425694
1405|60.9998|428734
1406|60.9998|421828
1407|60.9998|432748
1408|60.9998|405635
1409|60.9998|415387
1410|60.9998|404099
1411|60.9998|340563
1412|60.9998|418443
1413|60.9998|413269
1414|60.9998|422119
1415|60.9998|419275
1416|60.9998|422960
1417|60.9998|420943
1418|60.9998|406969
1419|60.9998|408741
1420|60.9998|377894
1421|60.9998|418502
1422|60.9998|408691
1423|60.9998|405177
1424|60.9998|395680
1425|60.9998|405402
1426|60.9998|419147
1427|60.9998|420651
1428|60.9998|404759
1429|60.9879|415099
1430|60.9998|422460
1431|60.9998|412460
1432|60.9998|377841
1433|60.9998|419651
1434|60.9998|422379
1435|60.9998|410530
1436|60.9998|376913
1437|60.9998|418049
1438|60.9998|367738
1439|60.9998|363806
1440|60.9998|365948
1441|60.9998|394666
1442|60.9998|413783
1443|60.9998|423730
1444|60.9998|435037
1445|60.9998|434270
1446|60.9998|438137
1447|60.9998|437148
1448|60.9998|402534
1449|60.9998|411904
1450|60.9998|378300
1451|60.9998|435755
1452|60.9998|422723
1453|60.9998|419755
1454|60.8113|418979
1455|60.9998|400480
1456|60.9998|437743
1457|60.9998|428383
1458|60.9998|433312
1459|60.9998|438525
1460|60.9998|403452
1461|60.9998|423126
1462|60.9998|423890
1463|60.9998|435076
1464|60.9998|428979
1465|60.9998|389737
1466|60.9998|422557
1467|60.9998|427308
1468|60.9998|419686
1469|60.9998|432661
1470|60.9998|432520
1471|60.9998|427025
1472|60.9998|428540
1473|60.9998|417844
1474|60.9998|421052
1475|60.9998|425957
1476|60.9998|428022
1477|60.9998|430400
1478|60.9998|425847
1479|60.9998|421364
1480|60.9998|427150
1481|60.9998|419654
1482|60.9998|423820
1483|60.9998|431901
1484|60.9998|422485
1485|60.9998|431264
1486|60.9998|434193
1487|60.9998|433771
1488|60.9998|439513
1489|60.9923|425760
1490|60.9998|437554
1491|60.9998|428842
1492|60.9998|437559
1493|60.9998|424364
1494|60.9998|396792
1495|60.9998|422893
1496|60.9998|424605
1497|60.9998|375526
1498|60.9998|425405
1499|60.9998|377429
1500|60.9998|368599
1501|60.9998|359935
1502|60.9998|372253
1503|60.9998|398028
1504|60.9998|428269
1505|60.9998|431870
1506|60.9905|435618
1507|60.9998|430552
1508|60.9998|436381
1509|60.9998|428726
1510|60.9998|425829
1511|60.9998|432105
1512|60.9998|359351
1513|60.9998|426935
1514|60.9998|378544
1515|60.9998|387358
1516|60.9998|409019
1517|60.9998|407696
1518|60.9998|406376
1519|60.9998|423116
1520|60.9998|435311
1521|60.9998|429488
1522|60.9998|433939
1523|60.9998|417589
1524|60.9998|426975
1525|60.9998|426470
1526|60.9998|421267
1527|60.9998|357262
1528|60.9998|428785
1529|60.9998|439430
1530|60.9998|434148
1531|60.9998|428413
1532|60.9998|429634
1533|60.9998|434767
1534|60.9998|438544
1535|60.9998|422450
1536|60.9998|421158
1537|60.9998|439001
1538|60.9916|428554
1539|60.9998|432826
1540|60.9998|433548
1541|60.9998|439434
1542|60.9998|435806
1543|60.9998|439087
1544|60.9998|418379
1545|60.9998|409507
1546|60.9998|423071
1547|60.9998|429698
1548|60.9998|423370
1549|60.9998|429910
1550|60.9998|432776
1551|60.9998|431235
1552|60.9998|426344
1553|60.9998|434364
1554|60.9998|438194
1555|60.9998|439375
1556|60.9998|418048
1557|60.9998|424801
1558|60.9998|409831
1559|60.9998|432683
1560|60.9998|414731
1561|60.9998|417377
1562|60.9998|430401
1563|60.9998|430877
1564|60.9998|430496
1565|60.9998|424507
1566|60.9998|365945
1567|60.9998|430947
1568|60.9998|410929
1569|60.9998|399166
1570|60.9998|410205
1571|60.9998|419743
1572|60.9998|436078
1573|60.9998|431235
1574|60.9998|420987
1575|60.9998|438765
1576|60.9998|438525
1577|60.9998|428773
1578|60.9998|434988
1579|60.9998|434445
1580|60.9998|435598
1581|60.9998|428320
1582|60.9998|426159
1583|60.9998|435618
1584|60.9998|430538
1585|60.9998|436347
1586|60.9998|431020
1587|60.9998|432067
1588|60.9998|424218
1589|60.9998|430426
1590|60.9998|427865
1591|60.9998|431425
1592|60.9998|428692
1593|60.9998|429695
1594|60.9998|432787
1595|60.9998|435262
1596|60.9998|436153
1597|60.9998|419680
1598|60.9998|373169
1599|60.9998|436451
1600|60.9998|437517
1601|60.9998|434714
1602|60.9998|428993
1603|60.9998|409927
1604|60.9998|408152
1605|60.9998|395097
1606|60.9998|430914
1607|60.9998|422585
1608|60.9998|427183
1609|60.9998|431355
1610|60.9998|419957
1611|60.9998|430077
1612|60.9998|429200
1613|60.9998|427960
1614|60.9998|433328
1615|60.9998|425876
1616|60.9998|412749
1617|60.9998|426960
1618|60.9998|424346
1619|60.9998|429373
1620|60.9998|411602
1621|60.9998|404608
1622|60.9998|397405
1623|60.9998|311713
1624|60.9998|358967
1625|60.9998|320114
1626|60.9998|328183
1627|60.9998|350481
1628|60.9998|431551
1629|60.9998|432156
1630|60.9998|419401
1631|60.9998|421363
1632|60.9998|434122
1633|60.9998|430415
1634|60.9998|405242
1635|60.9998|395890
1636|60.9998|406388
1637|60.9998|383506
1638|60.9998|417304
1639|60.9998|435318
1640|60.9998|437684
1641|60.9998|425678
1642|60.9998|434992
1643|60.9998|437569
1644|60.9998|419406
1645|60.9998|426629
1646|60.9998|421292
1647|60.9998|429873
1648|60.9745|422461
1649|60.9998|438485
1650|60.9998|437869
1651|60.9998|407747
1652|60.9998|428492
1653|60.9998|432700
1654|60.9998|436562
1655|60.9998|434246
1656|60.9998|437520
1657|60.9998|427673
1658|60.9998|432251
1659|60.9998|422914
1660|60.9998|397864
1661|60.9998|434127
1662|60.9998|431047
1663|60.9998|433824
1664|60.9998|422128
1665|60.9998|432493
1666|60.9998|431030
1667|60.9961|431028
1668|60.9998|424365
1669|60.9998|429223
1670|60.9998|431290
1671|60.9998|435532
1672|60.9998|432309
1673|60.9998|433688
1674|60.9998|393718
1675|60.9998|437952
1676|60.9998|437782
1677|60.9998|417667
1678|60.9998|423670
1679|60.9998|432783
1680|60.9998|401738
1681|60.9998|361054
1682|60.9998|392133
1683|60.9998|349912
1684|60.9998|407852
1685|60.9998|384050
1686|60.9998|426006
1687|60.9998|419332
1688|60.9998|432570
1689|60.9998|429250
1690|60.9998|429588
1691|60.9998|424175
1692|60.9998|440178
1693|60.9998|435810
1694|60.9998|431180
1695|60.9998|432875
1696|60.9998|427985
1697|60.9998|439013
1698|60.9927|433393
1699|60.9998|432672
1700|60.9998|436054
1701|60.9998|424206
1702|60.9998|427634
1703|60.9998|422646
1704|60.9998|407381
1705|60.9998|428848
1706|60.9998|435720
1707|60.9998|438474
1708|60.9998|429324
1709|60.9998|425778
1710|60.9998|415580
1711|60.9998|421030
1712|60.9998|432797
1713|60.9998|437167
1714|60.9998|440387
1715|60.9998|438770
1716|60.9998|433939
1717|60.9998|429327
1718|60.9998|436359
1719|60.9998|434883
1720|60.9998|433623
1721|60.9998|400366
1722|60.9998|396798
1723|60.9998|428993
1724|60.9998|437721
1725|60.9998|438829
1726|60.9998|438251
1727|60.9998|434589
1728|60.9998|437418
1729|60.9998|439459
1730|60.9998|430886
1731|60.9998|414372
1732|60.9998|423406
1733|60.9998|421986
1734|60.9998|421700
1735|60.9998|438641
1736|60.9998|437604
1737|60.9998|434200
1738|60.9998|426811
1739|60.9998|396475
1740|60.9998|423165
1741|60.9998|434038
1742|60.9998|429214
1743|60.9998|408488
1744|60.9998|418343
1745|60.9998|405668
1746|60.9998|377533
1747|60.9998|339252
1748|60.9998|421037
1749|60.9998|431182
1750|60.9998|415179
1751|60.9998|421743
1752|60.9998|390844
1753|60.9998|407138
1754|60.9998|422036
1755|60.9998|426407
1756|60.9998|426964
1757|60.9998|378866
1758|60.9998|403765
1759|60.9998|372416
1760|60.9998|304792
1761|60.9998|394403
1762|60.9998|428108
1763|60.9998|435442
1764|60.9998|432565
1765|60.9998|435759
1766|60.9998|433379
1767|60.9998|427185
1768|60.9998|429714
1769|60.9998|437669
1770|60.9998|438803
1771|60.9998|437488
1772|60.9998|423741
1773|60.9998|421461
1774|60.9998|416028
1775|60.9998|437275
1776|60.9998|426698
1777|60.9998|434738
1778|60.9998|424553
1779|60.9998|428295
1780|60.9998|436964
1781|60.9998|432705
1782|60.9998|426163
1783|60.9998|425515
1784|60.9998|407547
1785|60.9998|434012
1786|60.9998|422255
1787|60.9998|433461
1788|60.9998|437469
1789|60.9998|438266
1790|60.9998|424663
1791|60.9998|437324
1792|60.9998|437467
1793|60.9998|431857
1794|60.9998|430810
1795|60.9998|370775
1796|60.9998|405795
1797|60.9998|421916
1798|60.9998|437351
1799|60.9998|428827
1800|60.9998|436345
1801|60.9998|438859
1802|60.9998|428763
1803|60.9998|428692
1804|60.9998|428486
1805|60.9998|320140
1806|60.9998|428003
1807|60.9998|426584
1808|60.9998|431907
1809|60.9998|420887
1810|60.9998|411078
1811|60.9998|378698
1812|60.9998|319024
1813|60.9998|358837
1814|60.9998|361991
1815|60.9998|399937
1816|60.9998|411789
1817|60.9998|420096
1818|60.9998|429985
1819|60.9998|428769
1820|60.9998|415012
1821|60.9998|427863
1822|60.9998|431241
1823|60.9998|434461
1824|60.9998|435060
1825|60.9998|412350
1826|60.9998|416684
1827|60.9998|420745
1828|60.9998|423619
1829|60.9998|433948
1830|60.9998|433812
1831|60.9998|430976
1832|60.9998|432710
1833|60.9998|431078
1834|60.9998|432814
1835|60.9998|426767
1836|60.9998|417713
1837|60.9998|417999
1838|60.9998|390147
1839|60.9998|408454
1840|60.9998|432499
1841|60.9998|437235
1842|60.9998|439451
1843|60.9998|435653
1844|60.9998|432807
1845|60.9998|436111
1846|60.9998|411797
1847|60.9998|432504
1848|60.9998|431760
1849|60.9998|430228
1850|60.9998|432785
1851|60.9998|437958
1852|60.9998|440513
1853|60.9998|432162
1854|60.9998|433464
1855|60.9998|436362
1856|60.9998|431584
1857|60.9998|430861
1858|60.9998|433952
1859|60.9998|428978
1860|60.9998|423991
1861|60.9998|423860
1862|60.9998|419884
1863|60.9998|434602
1864|60.9998|437206
1865|60.9853|437780
1866|60.9329|330206
1867|60.9998|423167
1868|60.9998|427328
1869|60.9998|429691
1870|60.9998|411222
1871|60.9998|439041
1872|60.9998|438436
1873|60.9998|437115
1874|60.9998|423990
1875|60.9998|433810
1876|60.9998|433891
1877|60.9998|429723
1878|60.9998|428066
1879|60.9998|440026
1880|60.9998|352783
1881|60.9998|406610
1882|60.9998|399814
1883|60.9998|405477
1884|60.9998|435763
1885|60.9998|436562
1886|60.9998|436641
1887|60.5873|434016
1888|60.9998|423278
1889|60.9998|429945
1890|60.9998|417318
1891|60.9998|420132
1892|60.9998|432598
1893|60.9998|422559
1894|60.9998|424704
1895|60.9998|429425
1896|60.9998|415169
1897|60.9998|431281
1898|60.9998|434005
1899|60.9998|435412
1900|60.9998|426110
1901|60.9998|436552
1902|60.9998|437247
1903|60.9998|428084
1904|60.9998|414968
1905|60.9998|433415
1906|60.9998|434495
1907|60.9998|435660
1908|60.9998|430796
1909|60.9998|425465
1910|60.9998|426064
1911|60.9998|401915
1912|60.9998|436974
1913|60.9998|428705
1914|60.9998|398756
1915|60.9998|403878
1916|60.9998|414981
1917|60.9998|431399
1918|60.9998|417458
1919|60.9998|401791
1920|60.9998|410557
1921|60.9998|401508
1922|60.9998|431542
1923|60.9998|435127
1924|60.9998|437236
1925|60.9998|428755
1926|60.9998|436002
1927|60.9998|382282
1928|60.9998|403096
1929|60.9998|401591
1930|60.9998|403232
1931|60.9998|438682
1932|60.9998|429842
1933|60.9998|434857
1934|60.9998|438568
1935|60.9998|426626
1936|60.9998|423850
1937|60.9998|426830
1938|60.9998|429365
1939|60.9998|411336
1940|60.9998|426587
1941|60.9998|431469
1942|60.9998|429858
1943|60.9998|416754
1944|60.9998|399607
1945|60.9998|413368
1946|60.9998|385183
1947|60.9998|424994
1948|60.9998|437265
1949|60.9998|438406
1950|60.9998|432272
1951|60.9998|436946
1952|60.999|434223
1953|60.9998|410066
1954|60.9998|411137
1955|60.9998|419777
1956|60.9998|427711
1957|60.9998|429924
1958|60.9998|413533
1959|60.9998|415843
1960|60.9998|430779
1961|60.9998|410866
1962|60.9998|407050
1963|60.9998|413568
1964|60.9998|430565
1965|60.9998|422283
1966|60.9998|435034
1967|60.9998|437374
1968|60.9998|428348
1969|60.9998|414296
1970|60.9998|432790
1971|60.9998|384644
1972|60.9998|439709
1973|60.9998|435516
1974|60.9998|439250
1975|60.9998|430245
1976|60.9998|433329
1977|60.9998|438145
1978|60.9998|417827
1979|60.9998|378950
1980|60.9998|422081
1981|60.9998|436747
1982|60.9998|428194
1983|60.9998|427104
1984|60.9998|438889
1985|60.9998|434889
1986|60.9998|436578
1987|60.9998|438248
1988|60.9998|399984
1989|60.9998|423915
1990|60.9998|420153
1991|60.9998|375799
1992|60.9998|402904
1993|60.9998|422655
1994|60.9998|423120
1995|60.9998|406934
1996|60.9998|402747
1997|60.9998|404333
1998|60.9998|432381
1999|60.9998|438338
2000|60.9998|411851
2001|60.9998|407884
2002|60.9998|389431
2003|60.9998|434799
2004|60.9998|408545
2005|60.9998|412065
2006|60.9998|436150
2007|60.9998|440251
2008|60.9998|439580
2009|60.9998|406318
2010|60.9998|433549
2011|60.9998|434558
2012|60.9998|436887
2013|60.9998|425632
2014|60.5862|419327
2015|60.9998|438920
2016|60.9998|438041
2017|60.9998|423509
2018|60.9998|423945
2019|60.9998|416426
2020|60.9998|429191
2021|60.9998|420201
2022|60.9998|434612
