2222222222222222222222222222222222222222222222222222222222222222
2111111111111111111111111111111111111111111111111111111111111112
2111111333333333333333333333333333333333333333301000001000011112
2111111311111111111111111111111111111111111111300100000011111112
2111111111111111111111111111111111111111111111301000010111111112
2111111111111111111111111111111111111111111111300000100011000002
2111111111111111110000000000000001111111111111300000000011000002
2111111111111111115111111111111151111111111111301000000011000002
2111111111111111115111111111111151111111111111301100111011000002
2111111311111111111111111111111111111111111111300100001111000002
2111111311111111115111111111111151111111111111301100000011010002
2111111311111111115111111111111151111111111111300100010011000002
2111111311111111110000000000000001111111111111300010000011000002
2111111311111111111111111111111111111111111111300000100011000002
2111111311111111111111111111111111111111111111301000010011000002
2111111355551111155555554444455555555555555555300001000011000002
2111111311111111111111111111111111111111111111111111111111111002
2111111311111111111111111111111111111111111110300000110011000002
2111111311111111111111111111111111111111111110300100000011000002
2111111311111111111111111111111111111111111111300000000011000002
2111111311111111111111111111111111111111111110300000001011000002
2111111311111111111111111111111111111111111110301000000011000002
2111111311111111111111111111111111111111111111300000000011000002
2111111311111111111111111111111111111111111110301010000011110002
2111111311111111111111111111111111111111111110301011010011000002
2111111311111111111111111111111111111111111110300001000111000002
2111111311111111111111111111111111111111111110300001001011000002
2111111311111111111111111111111111111111111111300101100011000002
2111111311111111111111111111111111111111111111300001000011001002
2111111311111111111111111111111111111111111110300000000011000002
2111111311111111111111111111111111111111111110300100000011001002
2111111311111111111111111111111111111111111110300100000011000012
2111111311111111111111111111111111111111111110300010110111010002
2111111311111111111111111111111111111111111110300001000011000002
2111111311111111111111111111111111111111111110300010001011000002
2111111311111111111111111111111110101110011110300000110011000002
2111111311111111111111111111111110101010111110300000000011000002
2111111311111111111111111111111110010011111111300001000011000002
2111111311111111111111111111111110100001100000300000100011000002
2111111333333333333333333333333333333333333333300000110011001002
2111111111111111111111111111111111111111111110000000001011010002
2111111111111111111111111111111111111111111110001000000011000002
2111111111111111111111111111111111111111111111000010000011100002
2111111111111111111111110111111111110111000000000100000011000002
2111111111111111111111110001110000110101110001100000000011000002
2111111111111111111111000001000001110000000000000001000011000002
2111111111111111111111001001110110110101100001110001000011000102
2111111111111111111111111011111000111101010100000001100011000002
2111111111111111111111111111100100111000100001001000100111000002
2111111111111111111111111101111011110101000001000001011011000002
2111111111111111111111011101101000110100010000001100010011000002
2111111111111111111111111010110111110100110101100010000011000002
2111111111111111111111111100001110111000100000011100101011000002
2111111111111111111111110010011001111001001000000111000011000102
2111111111111111111111001011111111110010101101101000000011000002
2111111111111111111111111101001001111011001100100000000011000002
2111111111111111111111101001001101111110100001010010001011000002
2111111111111111111111011001100111111100100100000000000011001002
2111111111111111111111001100110000111100011010110000001011000002
2111111111111111111111100100100011110000000000001100000011000002
2111111111111111111111111111010110110110010001010000000011000002
2111111111111111111111111011110001110000100000000100000011000002
2111111111111111111111010111101000111011100011000000100011000002
2111111111111111111111001001110110110011000000000000000011000002
2111111111111111111111000100111110110100010000001100000111000002
2111111111111111111111111011010000110011111011000110100011010002
2111111111111111111111101111001111111101000010001011000011000002
2111111111111111111111010011110110110011100111110000000011010002
2111111111111111111111110101000110111101010100010000100011000002
2111111111111111111111110111011110111000011010000010000011000012
2111111111111111111111010001111011110000110011011110010011000102
2111111111111111111111001111111100111010010000110000000011100002
2111111111111111111111110001110000111101011110000110000011000002
2111111111111111111111011111011100111100110000100000001011000002
2111111111111111111111010000111111110111000011001000000011000002
2111111111111111111111000011101101111111010000000001011011000002
2111111111111111111111011101110100111101011000000100010011000002
2111111111111111111111010101001100111100101110110000000011000002
2111111111111111111111010101010010111011110000010000000011000002
2111111111111111111111110101110110111010010100001010000011000002
2111111111111111111111010011101111111111101001010000000011000002
2111111111111111111111111010100001111000010000100100010011000002
2111111111111111111111111111111111111111111111111111111111000002
2111111111111111111111111111111111111111111111111111111111000002
2111111111111111111111111111111111111111111111111111111111000002
2111111111111111111111111111111111111111111111111111111111000002
2111111111111111111111111111111111111111111111111111111111000002
2111111111111111111111111111111111111111111111111111111111100002
2111111111111111111111111111111111111111111111111111111111000002
2111111111111111111111111111111111111111111111111111111111000002
2111111111111111111111111111111111111111111111111111111111000002
2111111111111111111111111111111111111111111111111111111111000002
2111111111111011011000010110110001111001000000000000000001000012
2111111111111111101110011011011010110100100000001000000001000002
2111111101111111111111001000111110110100001100111010000001000002
2111110101110111110111011100000000111000101100011001000011000002
2111111111111111101101100110011011110001100100000000000001001002
2111111111111111110110100000111100111100010100110000010001010002
2111111111110111111101111101001110111110001100010101010001000002
2111111111111111011100111101110011110000011110010011000001000002
2111111111111001101111111100011000111000000010000000011001000002
2111111110101101111101111001001010111100011000110100000001000002
2111111111011111100101000111101111110010000010010100000001000002
2110111111111001101001111101101010110110100101000000000001001002
2111001111010011101011111010101001111110000110001110000101000102
2111111111101111001011110111010000110110000000001000001001000002
2111110101111111011011111111001011110101100011000010011001000002
2111111111110011110110101010000010111100101000010011000001100002
2110111111001111110101111100011010111110011010010101010001000002
2111001110111101110011110100011111111000000100010011100101001002
2111111111111111111101101010100111110101001010011001000011000002
2111111111111111011011110011001100111100100100100100000001000002
2111111101111110111010110001001101111100100111000000100001000002
2111111111101101011010001110010101111010011010000000100001000002
2111111111111101111101111011000101111100100101000000000101000002
2111111111110100111100110111011010110110100001001000000101000002
2111111111111001110011000110100001110011010010000000000011000002
2111111111101100011001101110100010111100000000010001010001010002
2111110111011111111010110000101100110101000101100100000011000002
2111111111101101111011100101100011111100000110000100010011111002
2111111111111111101111111101000000111011000010000001000001000002
2111110111111111110100110110010111110100100001001001000001000002
2111111111111110101110111111100101110011000011010000000001000012
2110111110111101111101101111110010111110010000011000001101000002
2110111011100111011111111100010000111000010100100001000001000002
2111111111111111101011111011001100110011000111101010110001000002
2111001111101111110101111111111111111100010101101000100001000002
2110110111111011111101011101000111111111100001101000000001000002
2111111111111111111001111100111101110010110110000000111101000002
2111111111011110111111010001111110111001001001100110000101000002
2111111101110101111111101110100001110000000110100100000101000002
2111111111111110101011011011010110110000100001100010100001001002
2110111111111111101111101111100111110111010000000000001001000002
2110111111011101111010111010101000111011100000111100000101000002
2111111110111110111111011111001101110010001100101000000101000002
2111111111011011001001000011010101111111000001100010000001000002
2111111111111011111101100011010100110101000011000000100011000002
2111111111101111111111100110001100111010010000001000000101000002
2111111101111111111000000110110101110101110010000000101001001002
2111101111100111101111010101011111110111010000001110100001000002
2111111110111111110100111111110001110001011100001000000001000002
2111111111101111010111001101011011110001000001000001001001000002
2111101111111000111111011100101100110111000000001100000001000002
2111111101011101011011111110111010110010110001000100110001000002
2111110111101111110011100000000101110000001011001100001001000002
2111111110011111111101111111001111110110000000010000010001000002
2111110111111111011110011111001010110101011101000101000101000002
2111011110111111100110111010111011110110100011100011010001100002
2111111011111101100101101001001100111110011100000000001001000002
2111111111111101110111001101000000110100010111000000000001000002
2111111111111111011001110000101110111000010100000001000101000002
2111111111111011111001101111001010110010101100001000000011000002
2111111111101111111101110011100101110100100010110000010001000002
2111111111111111001111111111101011110111010001111001000011000002
2111110010011111010111011100011001111111111000010000000001000002
2111111111101011110110011111010000110011001000010100000001000002
2111111111100111011001011010001011110010011110000010000001000002
2110111111111111111101011100101101110010110101100000000001000002
2111111111111010100111111101110000110111000000101100000001000002
2111110111111001111000111111011011110110110100001000000001010102
2111111111111111000101110101000001111110111010101000101001000002
2111111111100110111111011111011011110001001011100000000001100002
2111110110111111111111011010101000111110000010010010100001000002
2111111101101001101111011100110101110000000000010001000001010002
2101111111101011111110110010101010110010100100011111000001100002
2111111110111111111110100111110110110010000000000100000001000002
2111111111111111101111100011010010111110100100000110100001000002
2111101111101011110100110011001010111101000000010000100001000002
2111111111111101110110101110000001111100100000000100001001001002
2111111111101000111001110111000110110010000000000000001001000002
2111110110011001101110111001000100111000011000010000000011010002
2111110111101101101011010001010110110000010100110100100001000002
2111111011111010101100010110100110110010000100110010001001000002
2111111101101111101111110100100001110010100000101001100001100002
2111110110110111111011111000110101110000010101000000101001010002
2111111010110111111111111110111001110011100010001001000011000002
2111111111111010101010111101100111110100100000001000000101000002
2111101101111110111111110100101111110000011001000000001101100002
2111101111011111101111111110100001110100000010000000000001000002
2111110111011111110111100111010000110011110101000000010011000002
2111111011011111101000111001111110110001011011100000000001000002
2111111110111111111111000101110010111101000010100000010001010012
2111110111111011010000110011010000111000000100000110001001100002
2111110011011101100101111001111111111111111111111111111111100002
2111111111010110110110101111100111011111111111111111111111000002
2111111111111110111100011010000100010000011001000000000001000102
2111111111110011111111101111110111011110010011000000010001000002
2111111111011000111011110011011100010001001011000011000001000002
2111101111111010110011100110111011011010010000111010101001000002
2111111111101111111110010100110011110000000001000000000001100002
2111111111110101101101110100101101010100110101000100100011000002
2011110111111111111110110111110001110010100010000100100001000002
2111111111111010100000111011100001111000101000101000000111000012
2111011111111101110111101010111101011101110110000000000101000002
2110111111011001111101111111101100011000101000000001000001000002
2111111010111111111100111001011100011100011010000001000001000002
2111111111111101010111011101011001010100010100000000001001000012
2111111101111111101010100111101111110010100010010010000011000002
2111111111101111010011001111001111011010010010000011000101000002
2110111110111111111111101111100111111010000000001000010001001002
2111111111111001101111110111111001010001100010010100000001000002
2111111111011111101101110110111011111001011101001000000101000002
2111111111010011111110111111011111010001110000000000000001000002
2111111110111110110111111101100011111100100010010000010001000002
2111111101110111111101010101000000011011000011010010001001000002
2111111100110110111011111111101111111100010110010000000001000002
2111011010101111111110111100001100110110000100000100010001000002
2111011110011111010011101101010111011010110000001100000001001002
2111111111111111111000010001101111110010000000000101101001000002
2111111111110101111011100011111101010001110100000000000001000002
2111111110001011111001101011111001010010011010100100100001000002
2101111111111111110001101011011100011000100000000000000001100002
2101111111110111011001100101011001010111001001100010010011000002
2111111111001101110111101101001111011010110100000000000001000002
2111111111011111110110111001100110010000111100000000000011010002
2111111011011110100011111011101010010001001011001000100001000002
2111111111111111101110101011110000011010001000000000000001001002
2111111101111110111100111101110100111100110100101000001101000002
2111111111101111110111111100101010010111110000000010000001010002
2111111111001111111100111000000000110010000110010000100001000002
2111111100011100110101110011010010110101000001000000000001000002
2111111010101111011100101101111110011011000001100000001001000002
2111111111111010011101001011101101111111111010101110100001010002
2111111111111111011100011000011111010000001010001010001001000002
2111111111111100101111010101001000111000011100001100000011000002
2110111101111111001110111011111011011001010100100011000101000002
2111111111111111001100001110011001011000001000000000000111000002
2111111101101111111111101111111001011010010011000000000101001002
2101101111111101000101010000100000011000010010000000100101010002
2111111111111111111111011011100010010101100100000001000101100002
2111111110101111110110000011111001011000111001101100000011000002
2111111011111011011111111000110101110001101010000100000001000002
2111111111111110101000111111011111011010001100010001000001000002
2111111110110011001101111111000011111010000000000100010101000002
2101111111011111011001111000011010010110000011000000100001000002
2111110111111111111011110011001111010110010000101001000001000002
2111111101101101111011011101110011011111000100100001000001010002
2111111111111001011110001011010010110101000010010000010101000002
2111111001111001101110010100100111010000000001000000000101010002
2111101101100111101011101110011010011010001010000001100001000002
2111011111101111111010011011111100010110110101000000010001000002
2111111101111101011010001111011011010101010100000010100011001002
2111011110101111111011111100110000010000100000101000000001000002
2111111111111111111111110010010011010000000101000101010001000002
2111011110111101011100101100001110110001000000100111000001000002
2111111111111110110111010111101000110110001100000000100101000002
2111110111110101110101000101001001110100010101010000000001000002
2111111011101111111110111111011001010011000010101000000001000002
2111111111111101111011010001101100011010000001100010000001000002
2111111111011111110111001110111100011000001100001010010001000002
2111111111111101111101011110011001111110000100000001000001000012
2111111111011111111101111110001000110010110110110100000011000002
2111111111011111100011101110111011110010000000101000100011000002
2111111111001111111111111010011110011100101100000000000111100102
2111111111011111111101001111110011010100100010001001000001001002
2111111111111110110101110000100101010000001010000000000011000002
2111111111111101111101100110101111011001010011000000010001010002
2111001111101011111101011010001110111110010100100010000001100002
2111111110110111111100111001101101110010101100001001000001100002
2111111101111101000101010010101001010101110000100000001001000002
2111111111111101001111110110000000111000110000000000000001100002
2111111111111111110100100010011101011100000100001000000001000002
2011111111010001001011111101000111111001001000000010000001000012
2111111111111101111011101110111111011100100110000000000001000002
2111111011111111011111101100100110010110011001010100000001000002
2111111111111111111100101111001001011100110000010001000001000002
2111101111111011111101101101011100011101101100001010010001000002
2111111111111101011111101110101101111000101101010001000001100002
2111111110111111101111010100100000110110101001110001100001000002
2111111110011101111011011101111110111100011000000100001011000002
2111101101111011010111101111101100010100010011000000011001000002
2111111110110111111111001010011001011111111100100000011001000002
2111111111110101111110001110111110011110000000000000000001000002
2111111111111011101101011001011010110100010110011000100001000002
2111111111011111111011010111001000110000000000001100000001000002
2111111111110100110110011000110000110011010000100100000001000002
2111110101000101111101110101011010010011110110000010000001100002
2111011111111110011011010101001110111010100010100100000001000002
2111111111011011111011001010111000011101000001101110000001000002
2111111111111111111111111110111011110001010000001010000001000002
2111110111111000000111111110011100011100001101001000001101000002
2111111111100110111111011111110110011100100111010011011001000002
2111111111111110011111101111101001110010011000000111010001100002
2111111111111111110110011101011110010110110001000100000011010002
2111111111100110110111010010001000011001100110010000000101000002
2111111110110110111111001010110010010010101100100010000001000002
2111111111111111111111111110100111110001000000000000100001000002
2111111111101110111011110011101010010010000101110001000001000002
2111111111111110111111101100001001011010000100000001011001001002
2111111111110111100011111010101110111000011000100010010001000002
2111111111111111111001111111101110111000010010000000110001000002
2111111110111010011110110110011111010001111001010000010001000002
2111111110101111111111111101000001111011010010000100100001000002
2111110111111110110101111100001011010100010001000000000001000002
2111111111111111111000001100111000111010100100010000001001000002
2111111111111111101111110111010101010001001100000000000001000002
2110111111111111101011110010011111111110011000000000001001001002
2111111110110110111100111110101001010011110000011100100001000002
2111101110101111110011010101111000110101011110010000000011000002
2111111111110111111110001001111010111000000000110000000001100002
2111110110111101111101101011101110110001100100000110000001011002
2101011110101111101011101111111000011010110001111000001001000002
2111110101111100011100100000110000111001111001011100001001000002
2111101111111110111111111110001000110110100001001000000001000002
2111111010111010111111001011010010111001001010000011000011100002
2111111011101101111001001000111110110001010100000100000001000002
2111111111111111111100111111010011111000111001100000010001100002
2111111111101111111011100111000001110100110000110000000001000002
2111111111100111111101101110101001010111101000110011010101100002
2111111101011111110001111111110101010011110010001011000001000002
2111111111001010111110111110010010011101000000001000000001000002
2111110111111110010100111011000110011100001001000101010001010002
2111111111111101110110010111111111011000010100100000001001000002
2111011011111111011100110111100000110000000000000100000001000002
2111111111111101101011111001110010110011011111000010000001000002
2111111101111010110101101011100110011001101100000001100101000002
2111011111111111101100110110001100010101100011000001100001110002
2101110011101111111110111111101110010000011100000000000001100002
2111111111010100111000110010001100011000100000010100000001010002
2110111101111110111000100110100100110001001011101000010011000002
2111110111111100101100011111111011010101000101010000000011001002
2111111111100111000011101111010100011001001110001000000001000002
2111101111111111101011100010111010111110001011100010010001000002
2111111111110100111011001001010111010101000010110110000101000002
2101111111111111110101000011010001111100110000000000000011001002
2111111111111110101111100001111100010101011001011000100011010002
2111111110111100001111010101110111111010001000100010110101000002
2111111111010111111101011000111101111010010001110100000001000002
2111111111111010111101000011101100111100100100110001101001000002
2111111111101101111011010011011111110010111000101000000001010002
2110111111100111011111110001101100011000000000100000010001000002
2110111101011110101111111011011011010001110100100010000001000002
2111111111111111001111010111110011110000010000000100000001000002
2111111011111101101111111110101111111001100001000100000001000002
2111111111111111100101011100001111010110111011001011011101001002
2101111111000111111111100111111011110010001001111010000101000002
2110111111111111110100110110110111110110011110111100000001000102
2111111111011111100010011110101000110100000000000000000001000002
2111110111111111110110101101011001011100001100000000000011000002
2111111001101111111101100110101010010000001000000011000001000002
2111111111111101111010110001100110110000000011000110000001000002
2101111111111111101111101110111110010101100100100100000001000002
2111111101010110011101111100011111111010110011100000100001111102
2111111111101111101111011110101101011000001000000010000001000002
2111010110111011011101110010110001011111101000000001000001000002
2111111101111111111111111101001100111000001000001000001101000002
2111111101111101100101110011010111011111000100010101010011000002
2111101111111111111011111011001000111000100100110100000001000002
2111111111110111011111001101001110110000000000011010110011000002
2111111101111011101111011011010011010101001111110100100011000002
2111111111100110011101111111101011011101011000111000000011000002
2111110111101111010001110010111110011111000011010100100001000002
2111111000111011011101111110100111010000000000100000000001000002
2111111111111111101110110101000110010001010000010010001001010002
2101111100101010110011111001001011110110000000000010000001000002
2111111110101111111001100000111101010010000011000000001001000002
2111110011010111011110111110010110010001100000100000000001000002
2111111011111111100011001100111100111011001001000001000001010002
2111111111011110011111011010111010110010001011100011010001010002
2111111111111111111011010110110110011000001011110000000001000002
2111111110111011111111111100010000010000100100000000001011100002
2111111111111011111101111111011100111110000000110000000011000002
2111111111011111111000111110101001010010000010001001100001100002
2111101111101111111111100010101010111010111000011000100011000002
2111111111111101111101011101110100110001000001000000010001000002
2111111111111110110111011011011111111111001000000000100001000002
2111111111101101111100101110101001110000100001000100000001000002
2111110111111111111101110001101100010010110010110100000001000002
2111111111111001011010000101011011110000100010000110001001001002
2111111111111011111101110001110100010000000000000000000001000002
2111111111111100111010101101010001011000010100100010000001100002
2111011011111110101100101011100000010110000101000000000001000002
2111111101111110111000011000100100010001101111010000000001000002
2111111111001011110110111110100001010000110011100010000101000002
2111111000101011110011010101101100011011100010010000000101000002
2111111111111111111101110110011100110011000000010000001001000002
2111011111110011101011110010110011111000101110011111100101000012
2111011111101111111111111111011100010000000000000100010001000002
2110111010111111001110101010101011110010001010110000100101000102
2111111111011101101100011001111100010010000001000001100001000002
2111110110101111110011001011010001110000000000001000000101001002
2111110011111101101011110010111100111110001011010000000001000002
2110110111111110111101111101101100010011110010000010100001000002
2011111111111111111110100111101011110101100100000000100011001002
2111111111110101101001010110111010011101010100000000000001000002
2111010010111111111110001101011111010100000010000100010001000002
2111111110011110100011001111011111110001000000000101000001000102
2111110111111010111111101110000001010100100001000100000101000002
2111111011111101101111011000110101111110010000010000000011000002
2111011111111111100111101110010000011010000000100000110011000002
2111111110111111101011101111000101111000101110000111000001000002
2111111111111101111111101011000010110100001100011000000001000002
2111111011111110000011011011100100010100010010000100000001001002
2111111101111101110101011101110100011100000110001100000001010002
2111111111111001111111011010000011010100101000000000000001000002
2111111111111111111011010111011111110100000001000010000011000002
2111111111111111111110110101111000110100110000001100010101000002
2101111010111011101111111101100010011010100001000000100001000002
2111111101111111011110101110111010111001110001000101000101000102
2111111111110111110001111011011001010000000011100110000001000002
2111111111111111111111100110111010010100100010000000000001010002
2111111110111100100111100111101100010010100000100000000001000002
2111111111111110100111010110011011111100010001000000000101000002
2111111111111111110111001110011001110001001000001100001011000002
2101111110111111011110111110011001011001010000000000000011000002
2111111111111011100111001111110111110001110101000110000101101002
2111111110100111101011111111111100010001010000100001000001000012
2111111111110111110111110010011100011010101101000110010001000002
2111111111111111000110011111011011110011100101100001100001100002
2111101111110111010111101111100110110010001110000000100001010002
2111111111110111110110111001110011111010010100000001100101000002
2111100111101111101110100010011010010100010000010000010011100002
2111110111110111111111011011010011010011001000010001100011000002
2111111101110100011110101111111111011010001101010000011001010002
2111111111111111011111001011100000011000100000000000000001000002
2111111001110001010110111010111000110000010001111001111001000002
2111111111111010111111101110100010010000111000101101011001000102
2111111101111100111000001111111000011011000100000000000011010012
2111101111111111001011110011010001010100111001001000000101000002
2111111111111111110101100001010001110001001000000000010011000002
2110111111101110001010111101011101010111010011000000000001000002
2111110100110111110001111101110101110101100010001000011001000002
2111111101011111111101100111110010111001010000010100001001000002
2111011100100101110000100101010100111000100101000000100001000002
2111111011001011110111100000111100010001001111111100101001000002
2111111111110111101101110110011111110000010011111100100001000002
2111111111111111111110111100110110010001000001010010010001001002
2111011111111111101100101010110100111110100010000000100001100002
2111111101011101111010011101010011110011000100101000001001000002
2111111111111111110010010001100100011100110000100000010001000002
2111111111111110001011101100101010010101010001100000010001000002
2111111111111111101101111111001111110000011010100000100001001002
2111011011111011101100111011010010010101101001000000000011100002
2111111111111011111110010110111111011111010101100101100001000002
2111111111000111011110001101110010010110001010011000010001000012
2101111111111101111001001110001111010000010010000000000001100002
2111111011111111010111101100010011110100010001010010000001001002
2111111111111110111010101110000001110011000010000100000001000102
2111111111010101100001011010101101010110000000001000100011010002
2111111111011010011110011001001110011011000100000000001001000002
2111111111111011101101011101010110011001000000010100000001000002
2111111110001001111111001101101011110100001001001000010001000002
2111111011101111110101000101100000110001100100000000000001010002
2110111101111101001101101010001000011111100010100100000001000002
2111111111011111110111000110101001010000000101000100000001000002
2111111111111110110101010100011101111110010001000000000001000002
2011111110111111011101101010111111111100100000010100000001000002
2111111111110101111001011110110010110101000001100111100011000002
2111111111101111111011101110011111011100000000110110000101000002
2111111101111110101111111101011000010001001000000000000001000002
2111111111110110000100011010001100111000000100010010100001000002
2111111101011011011011010101000111110110000101001000100001010002
2111110111111101111001110011101100011100100011100000000001010002
2111111101111111111111110110010010111000000001101000000001000102
2111111111011111110100101001000000111001000011000101100001000002
2111111101111001010110100000100101011011000101001100010001010002
2111011111111111011111111110101100011101000111100000000001000002
2111111111011111111111110111101001010100111100010010000001001002
2111111101111110011111010110101110111010010000011000000011000002
2111101111111111111001110111111101111000001100001100110001001002
2111111111111111111101110111010100011000010110100000000001000002
2110111111101111101000110000101110010111010100001010101011000002
2111111111110101011111101100010000110001111110001001000101000002
2111111111111110100110101011110101110011000011000010000001000002
2111110111011111101111010101111000010101000100001000010101101002
2111111111111001101111011001010110110110011110110101000101000002
2111111101001011111110111101100100110001001000100010100001010002
2111011111111111111110011010100011111000100000000000000101000102
2111111101111111011100010011010110010100101000010001000001000002
2111110111111111001111100010011101010110101011011000000001000002
2111111111111110111110010101111010010001100000000000000101000002
2111111111101101110111110011011111010010000000111000000001000002
2111111111111111111011011001101011010000000000011000000001000002
2111111111111101010010010010000010011000000111010001000001010012
2110111111011111111011011101110000110000111000000000000001000002
2111111111111100101111011110111010111000011100000000000001000002
2111111111111111111110101111000111010100100010000000000111001102
2111111101111111101010101000011110011101000100000010000001000002
2111111111111111110111110101010100010110111110000000100011000002
2111111111100111011010111001000110011000000001000101000001000012
2111101111111101011111001101110111110100100100000001000001000002
2111111111111101100100011111101110011000101000101010110001000002
2111111110111110110111101110110000010110100000100000000001000002
2111110101011111111001011011101001010110100101101100000011000002
2111111111111111110000011110111001110010001000010011100001000002
2111111111101111111111100110100010010100010000010000100101000002
2111011111110111111010011101100101110000101000010001000001000002
2111111110111101111111001000101100110010000000100111000001000002
2111111111111111000011001011010101110010000011000010000001000002
2111111101010111111000111111001010110000100010000100000001000002
2111111110111111111011101100110010010101011000011001000001000002
2111111111101111111111111101111001011011110100100101100001000002
2111111111111110110110010100000001111101000100001010000001010002
2101111101111101101110011110101111010000000111000000000001000012
2111111111111101100110100110101010010011011000000000100001000002
2111111111101111110000101010011000111111000001000001000111011002
2111110111111111111000101101101100111001010000000010100001000002
2111111011111110111100110010111100011011000001110000101001100002
2111111111110101101011110000010011111110010000000001000001100002
2111111111101101111110001001011010110100000101000100100001000002
2111111111110011111110111011011100011110010010001000000001001002
2111111111110101110110111011101101110010111000011001010001011002
2111111111101001111100100100100011110000100010100101000011000002
2111111110011111010011001000111011011110011101001001001001000002
2101111111111010010111110011101001110101000001100011000001000002
2111111011101110101111110101010111011110110010000000000001100002
2111001011111110111111101100011011010010011100000000000001000002
2111111111011111111111101101110110010011100000000000000001000002
2111110111101111010101100110011100111010000000110000000101000002
2111111111100111101001010001111100111100100000110010100111000002
2111101110111111001011101110010011110100000010110000000001000002
2111111111111110111110001111011110110001001100000010000001001002
2111111101001111111011111111011001111100000010011000000101100002
2101111011101110110101111111001101011011000000110000000001000002
2101111101111110111101111001111100111101101001100000000001000002
2111111011011111111111011111110110010011000000010000000001000002
2111111010110111111100110010111001010010110010010100000001000102
2111111100011110111111101111101001010000000000110000001001000012
2111111111111111111101111001001001010110110000100100000001000002
2111111111111101110110100000010000010011111100000100000001000002
2111111101111011111001000111111101111001000101000000000001000002
2111111111111111110001111100111100011011001111110001000011000002
2111111111101001001101011111001111010010010000000000100001100002
2111111111111111111010111111100101011100000000000101000001000002
2111111111111101101111011101100111110100101111000000010001100002
2111111111111010111100011101110111011010000010001100000001000002
2111111111111101011110100111001110011001100000010110000011000002
2111111111111111111011101010011011011100011110001100010001000002
2111111111101011011111010111111000111000000010011100000001100002
2111110111111111010110000111100001010111101000110100001001000002
2111111111111111111110011011111101011010001010010001000001000002
2111111111011011011011111001110011111001001010100000000001000002
2111111111011101111101100010011001110110001110000100000011000002
2111111111011111101111000101000111010110110000000000000001001002
2111111011111111110011110100001110111100011100100100000011000002
2111110101011101010110010100101010010111000000010000000001000002
2111111000011111111000000100000110110010010000000000000001100002
2110111111111011110011011010011000011010010101011010001001001002
2111011101101110110011110010100001110000000100000010011001000002
2111111111111111111111111011100111010101000011010100000001000002
2111111111011010001111111111101100110000100000000010000001000102
2111111100111011110101010010100001010010101100000000001001000002
2111111111111011110111111101000110010000110100000000000011000002
2111111111111011011101111110010000010100101000100000000001000002
2111111111110111000010111001100100111001100010000100000001000002
2111110111111111111011011100111101110111000000000010000001000002
2111111111110111011110100101111000010110000101011111000001000002
2111111111001110111010101101001101110100000000011010000101000002
2111111111101111011011011101110111111100011010010000001101000002
2111111110100110111111001100000011011000111101000001000001000002
2111111111111101010000011000100111110101000110001010011001000002
2111111111010101110001111001001111010011100101000000001001000002
2111111111111111111000110111010000111110001000000010000011000002
2111111111111101110100101111001010010001000100100000000001000002
2111111011011101111111111010111001110101000100100000000011000002
2111111011111111111110110101100010010000000001010000010001000002
2111111100111111101110111111010011010000000100011100001001000002
2111011111111011110011111101110101011001111111101001000011000002
2111111111110101111011100111010111111100001100001000000001000002
2111011111101111111111100101101101010100000110100011100001000002
2111101111001101001101010000011010111000101100100000000001100002
2111111101101111111110000111011001011100011000000000000001000002
2111111111001110011011111110110000110010101001001000100101000002
2111111111111110011110101011011111010011011101001010100001000002
2111111111011111111100100110100110111011000101000000000001000002
2111111101011101111111101101000011010001001111101000000001000112
2111111111110011111100011111101100010100111101011000000001000002
2111010111101111101011101110101111011011110110010100000001100002
2111111111101011011010001111111101011100100000000000001001000002
2111111111111011111111010000111000011000000111000101010001000002
2111111111011111111111010111101111010001000111011001010011000002
2111111111111111110101011111111111011100000110110000001001000002
2111111111110101111101001110010101110010101011000000001001000002
2111111110111111011111100101000011111100100100000000000001000012
2111010101110010101100101001101111111110001001000011000001000002
2111111111110111111111111011111111011100101001100011010101000002
2111111110111100111111101011101001010010000110100010100001001002
2111111111101011011111110010100100111001100100010100000001000002
2111111011101110010011001111010111011111001101011100000001000002
2111111111111110100111101011010001010110000110100000010001000002
2110101111111101111111100011110101111100001100000100000001000002
2111101101111111011110001001110000110001100000010000010001000002
2111111111111111101100100111111010110000101000000000100001000002
2101110111111111111010011010011110111000001001110000100001000002
2111011011111101110101101101111100011110100000000000010001100002
2111101111101111111001111100110110110110000111110000000001000002
2111111111001111110111010110111100110110100100000001100101000002
2111111011111111101011000111111111111000000001001000000001000002
2111011111100111111010111101101100110010100101010001001001000002
2111101111111011111101010110111111110101100110000001100001000002
2111111111111111111011110001011001010010110000000000010001000002
2111111111110101011010011111100010010011110101000010011011000002
2111011011001111111101101111010110011000010000001001001001000002
2111111111111101001011011001010111110000100011001000000001000002
2111111111111011110100011101110101110111111000000000000001000002
2111101111111111111111110110100100011011111000101100010001000002
2111111111111111111111111110110010111100011010010000001001000002
2111111111111111111011100011010101011011101100000000110001000002
2111111111111111101111110110101101010000001010000010000001010002
2111111111011111011100111110010111011001001000000101000011001002
2111111111111100100110000001110100111010110010101000001001100102
2111111111111101111011101111010110011100111000000010001001110002
2111110011110111010011011101110000011001001000000000001001000002
2111111111111111011111110101001100011010000001001010000001000002
2111011100111011101111100101000100110010010001000010000011000002
2111111111110111010111011110110000110101111001010000000001000002
2111111111111110110100111111111001011101100011010001000001000002
2111111101111111101011100110010111110010100111000100100011000002
2101101111111111111010111010111001010100101001010100001001000002
2111111110111011011001110111010011111010010100001000000001000002
2111110110110110111000100001111011010010010000010000000011010002
2111011111011111101110001101111001111010000100010010100001000002
2111111111101011101110111001110010110110100000010010001101000002
2111111111111111101011101111110001110001001000010000000001000002
2111111101111110011110010001101011010101101111000101000001101002
2111111111111111011111100111100111010101000000110100000001000002
2111110111111111111011111111100000010001010010100101000001000002
2111111111001011110101110111110000110010110010001000101011000102
2111111001111111110011001100001000010101110000001000010101010002
2111111111111111001101001100101000110000001010000001001101010012
2111111101110011111110111111101101011001101000010000000101000002
2111111111111111010000111111111000111111000100101000101001100002
2111111111111111011111111101100100110110000010010000000001010002
2101111111111111111011011111100111110011111010100000100001000002
2110111101111111111111111011000011011000001010000000010001000002
2111111011111001111110010101100010011000101010100001000001000002
2111111110110111111110110001010110111010000001000000000001001002
2111111111011010010111101011011101110001010001000000000001000002
2111111111111100111111011111110110011000000000001100001001000002
2111111111011111111111101110100101110100001101000000000001001002
2111111111101110110111110111000100010101100100000001000001000002
2111111111111110110011010111110010111011100100001000000001000012
2111111011111100110001000111101001010011000000000000110011000002
2111111111100111111101110100010111110111100011001000000001000002
2111111111111010110111111111110011111110000000111000000001000002
2011111111111110001010110110100001111001100100100001100001000002
2111111111111101111110111100000101110000000011000001000111000002
2111110011101011001100010110000111011000100000001000000001010002
2111111111111110111000010011101101010110001000110000000001000002
2111111111001111111111011111110010110001001011001010000001000002
2111111111111111111001101001001011111000011110100100100011001002
2111111110110111011111001010110010111001100000000111010001000002
2110111111110110111001001101111100111110011000010110000001000002
2111111101010111010100100101010111111001000101101000001001000002
2111111110110111100011001101101000110010100000001100000101000002
2111111111111110101111111000011110111010111000001001101001000002
2111110111111111101111010110110111010011010111000000001001000002
2111111110110111111100111000111001010000010000000000011101101002
2111111011010110011011010100111100110100000001000000000001000002
2101111111111110000111111100000000110100100000001000000001000002
2011101111110111111111011011111010011000000100011010000001000002
2111111111111111111111100001001111011001000010100100100001000002
2111111111101111111101110101010110010110001000010000000001000102
2111111111111111111110110100110110111100011001001001110001010002
2100111110111101010111101000000100111000110010000010000001000002
2111111111110110101010101011001110110100101000000100100001000002
2111111111111011110011111011101001010010100010000000000001000002
2111111010111110101100101111010101110011000010100111000001000002
2101111110101001111111001010000100110000000001000100000001000002
2111110111111001111100011101111101111001010100010001010001000002
2111111111111111001111110001001011111010010011000000101001100002
2111111110111111111101110010100011011001101010110100101001000002
2111111111111111011011111010110010010010000100000001000001000002
2111111011111101111111010100100101111000101110100000000011001002
2111111111110111111111011100001111010101110000010001000001000002
2111111111111111100111111101001111010100110001110110000001000002
2111110111111110111111111011101001110000100101011000010011000002
2111111011111111111111111111000010011010000010011000000101000002
2111111111111010111111101110000110010100000000000101000001000002
2101111111110111100111111000101100010111100000000001000111100002
2111111111011111111111111101110101110100000101010000000001000002
2111100111011110011011101001111010111110000101100000000001100002
2111111011110111111111110111001000111001100010000000000001000002
2111111111111101011011001110001000111011001101100000000011000002
2111101101111111011101111111100100110011101000110001000001000002
2111111111101111011100000001100001011101100010001101101011000002
2111111111110111110101001110011011011101000000001000000011000102
2111111111111101110101111001001110011100010101000100000011000002
2111111111101101001011010001101001010000000100011000100111000002
2111111110011110110010011101101101011000000000000000000001000002
2111111111101011111101001011101110110101000111001000000101100002
2111111111111100111111110010100110110000101000010001000101000002
2111011111100101100010111000101100111000101000110101001001000002
2111111111111111011111011011110000010100000000000000000101000002
2111011111110011101110101101100010011100010100100000000001000002
2111111110111011101110110101110011110100000010110000000001010002
2111111111101001001111101000011101110101100001100110100001000002
2110110101111111110011111010001100110001010000010010100001000002
2111111100100111100100001110100111010110000000000100100011000002
2111111111111111110001100010011100011011100011010000000001000002
2111111111111111110110110110010101010010110001000100111011000002
2111111111111001111000101000000011011111100010100000000001100002
2111111110010111111111111111110001011011001000010011100011000002
2111111111110111111101101100100011110010000100100010000001001002
2111111110111111100010110010010110111110011100001000010001100002
2111111111111110010011001110001100110000010000000000000001000002
2111101110011111011111100110011101111110010011000010100001000002
2101111111111111111111010011010110110010100000000100010001000002
2111111111111111110011100111001001010100000010010001010011000002
2111111111010111011100110110111101010000000010000000000001000002
2111111111101111110011110101101011111000101001111000000111000002
2010111101111111110101101010100111111010100000100100000001000102
2111111111111111101000001110111011110000100000100000000101000002
2111111101111110111111010010110110010001000110001000001101000002
2111111111111110110111111101101000111011000000000001001011000002
2111111111111101101111011101111001011110111010111011000001000002
2111111011111010011011010100111111111000000010100100000001000002
2111111111111111100110100010000100011000000010010000000001000002
2111111111111110110111111001011101010101001100000001100111000002
2111111110111010011001011101010101010000001001001001000101001002
2011111111111111000111011111111110011100111000011001010001000002
2111100111110101101110010111001111010001000100000001010101000002
2111111111101110011100010101110110011011011100000000110001000002
2111011111111111110111001110110000111000000100100000000001000002
2111111101101110111101110101101111110100000000000010010101000002
2111111111111111110101001100110000110000111000010100100011000002
2111111111111110110111100111101100011011100100010000000001010002
2111011110110111001111110010010011110100100000100010000111100002
2111101111001011111101001111010101011100001100011001100011001002
2111111110111100010110111111011000110000000101011000000101101002
2111111111111101011111011011100010011000100001000101000001000002
2111111111111111111110011001010010010100000000001010000001000002
2111110111111101101101111100000000010010000000100000100001010002
2111111111011000101011111110010101010100010100011111000101000002
2111111111100101001110100111011101111100000101010000100001100002
2111111111111111111111111100000010011000010001000010000001000002
2111101011101111111000001111010001011100110000001011000001101002
2111111111001101111011111011010110111000100001100001000001000102
2111111111111101011111101010000101110100011100011000011001000002
2111111110111111001111010001110011110100010101000110000001000002
2111111110111111111111110010111011111101000001111000101001000002
2111111111111100111111111011000100011100001001000100000001000002
2111111111111111111000011101000011110010000000001001000001000002
2111110111110010111111110110111100110100011010000000100001000002
2111111011011111101011111111010111011000100000010000000101000002
2111111111011101110110011011101111111000000000010011000001000002
2111111111111101101110110100000000110110011010000001011001010002
2111111111111111001001101101110011110000001011100000000011000102
2111111111101111011101010111101111010010100010000001000001000002
2111111101011011001110101000101101010110000100000010000001000002
2111111101111011101110101111010001110101010000000000010001000002
2111101111101111111011101000100010010011110100000000000101000002
2111111111111011111101101111111111011000100001001100110001000002
2111101111111111101100011010001010010111101000000001000001000002
2111110110011111111111111110000110111110010001001000000001000102
2111111111101110101111110000010000010010010001000100000001000002
2111110110111111110111100010001110111110111010000001000001000002
2111111101110111011110010111101100011010010000010000100001100002
2111111111111011011111001010111110110011000000100000000011000002
2111111101101111010101111110101100010101110001100000100001000002
2111111111111101110101111011010000010000010100010000000001000002
2111110110101100011010111000101000011000101000010100000011000002
2111111111111111101110110100111101010011100000100000010101000002
2111111111101110111111011111101010010101111100000110010001100002
2111110001110110011110101100100010111001011100001000000001000002
2111111111111111010110101100100001011011100010000001000001000002
2111111111111101111111011100010101110000001000000000100001000002
2111111111111100111110000010111101111101010100000110000101001002
2111111111111111101010111010010110111011001001000001100101100002
2111111111111110111101101011100101010110110001010010000001000002
2111111111101111111110111101101000110000110000010001000001000002
2111010111101110111111111111110111110110101001000000000011000002
2011111111111111101001011110110001110111000100001011000001000002
2100111111101101010111101100111000111010111100000100010001001002
2111110101010111001011000110101111111100001110001000000011000002
2111111111101111101111000110111100110100011101000010000001000002
2111111101011111011010001100001101110000110100101001001001000002
2111111111111111111111010111101010111100001000000100000011000002
2111111111011111010011011101100000011110000100000001001011000002
2111111110111111111011100100111111110110000100000110000101000002
2111111111110111010101111101111111111011000000000100100001000002
2111111111111111101011000111110101111010110101010000000001000002
2111111111111111111111111010011000111010010001010100000101001002
2111111110111111111001110010100110110000010110101000000001100002
2111111001111001000001110101111101110001111100111100001001000002
2111111111111101111101011010101111011101001010000110010001000002
2111111110111111111011110011001000010010000000011000001001000002
2111111111100011111011001101101000010000111100000000000001000002
2111111111111111110110111011101101010010001010100010001001000002
2111111111111111000111011110011000010100001100010000000001000002
2111111111110111001110010101101110111100111100000111000001100002
2111111111110011101110110110111001010000001000001000000011000002
2111111011110111011011001010100111111101101000100110000001000002
2111111111111110111111111001101111011011011000001010000001110002
2111111111110111111010101111110010010100010100011000101001000002
2111111111011011011110111111110010011101000010110000000001000002
2110111111111111110111110111110111011101000000101101001001000002
2111111011110111011011101111001110111100010001000100000001100002
2111111101101111111110111111110000011100101000001100000001000002
2111111100111111111110100011010011111000110000010000100001110002
2110101111111111010110101111101011010001011000001110100001000002
2111110110111101101111101001011110010011100000001100000001000002
2111111110111110111100110111001010110110110100010010000101100002
2111111111111101111101110111110000010011000001001001010001001002
2111111010011110111000111010001011011100001011101000000011000002
2101011111011111111110011010110001111100000000000000000001000002
2111011111011111101010111101000000010111001000000100100001000002
2111110111111001001100100000001111011010010000000000000001100002
2111111011011111101110101110110100111100000001000010110001010002
2111111101111111100001101011110110111101100100000001000101000002
2111111111111111110011111111111000010100000001010000110001001002
2111111111101110011001111101111111110100001110000010100001000002
2111111111111111100001111000000101010000110010010001000001000002
2111111111111111011111111010010010111101101010001000000001100002
2111111111111010111111111111010101010110000111101100000001001002
2111111111111111111001111100000010111110000100100000001001000002
2111111111110101100101000000000011110010100110000011000001000002
2111111111011111111111101101100110110100101000000000001011000002
2111111111110100111101011000000000010000110000100001010001100012
2110111111101101110101111101111001011000100100000010001001000002
2111011101101100111110101101100101110110100000010011000001000002
2110111111111010111111101001001001011101000100100000100001100002
2111111111110111111111001100000010111010110000000010100001001002
2111110101111111110101101110001101111010001101110000010001000002
2111111110111110111110000001110010110000100111010000100001000002
2111101111111111000101011000011001011000100001000100101001000002
2111111101111110101011111001000010011101010110100100010101100002
2111111111111110010011011011001110110010111110010000001011000002
2111101111111110111111100010111001011100000000011001000001000002
2111111111111101110001001001010101010000111100010100000001000002
2111111010111111111110111001010100010111010000101000001001000002
2111111011111101111101100101110110010100101000000000010011000002
2111111111111110111110011010110110011101001001100001000001000102
2111111111111110101101101011100011111000000000100100000001000002
2111111101111011001111111100110100011010010110000000000001000002
2111111111110111111110101101010010110000000010111000000001001002
2111111111111111111101101110001010111100000011101001000001000002
2101111101101110011100101011010110110011000001010011000001000002
2111111111001100111010110010011000010011110101010000000001000002
2111110111110110011010100100011010111001010010101001000001000102
2111111111111111101010001011010101011000000100011000000001000012
2111110011111101110000100011100110111010000010000000000001000002
2110101111111101101110111011101110111101100011101000010001000102
2111111111111111111111101010101100011110100000000000010001000002
2111101111111111111110100111101010011010111000011000000001000002
2111111101110111100011001001001111011100001111000100100001000002
2111111111111111111010001111100100011100000100100000100011000002
2111111111101110110110011101100101111100100111000000000001000002
2111111111111111010111111101011111110011010001010000000001010002
2011111111011111111101111110000011011111010100011001000001110002
2111111110111101101011100100011110011110110100000101001101000002
2111111101111111110110110010000101010010100001110001011001000002
2111111110111111110101111111110000110010000100110010000001100002
2111110111111101110100001111011011011001110010100100101001000002
2111111111111110111111101001011010111100111000010000001001000002
2111111101111111111001011000100111111011100001100101000001010002
2111111111111011100001111100001011011000000011010010000001000002
2111111111110011110110010101011010010110011000010000000011000002
2111111001010001111111010111011011111010000000000000000001000002
2111111111110101011011111100100111010000101101010100010001000002
2111111110111110010101111001111000010010000100000000001001000002
2101111111111110101011110110010010110101010010010000000001000002
2111111111101011111100110111110001010011100010100001101101000002
2111111111111101101111111010110001010010101010010010000001000002
2111111110101011011001111111110011111010110000000000001001000002
2101111111011001111011111110000111010001000000010010010001000002
2111111011110111101111110111000001111100000000001000000001100002
2111111111001010101111101011001011010000111000010000000001000002
2110110111101110111111011110111101010100101101111000101001100002
2111111111101111111110101000011111010010001010000010000001000002
2111110111101111101110111000101000011011001000010000101001000002
2111111111110011011111111101111010110010011000001010000001100002
2111111110110111010110111001101100010000100100000000100001000002
2111111111110011000001010111111010010100100011000010100001000002
2111111111101110111101000100000011110110011100101110010001000002
2111111111001111110111011110000110010001000001000001001001110012
2111111111011111111100100101111000010010000001101001000101000002
2111100111010100011101101011001011110110001000001110000101100002
2111111111111111000111100011011000111111000011010000000001000002
2111111111001001001101101111000111111111001010001000000001000002
2111111111011111100010011111110000010100101101000000000001010012
2111111111111101101101110000011101111101010000100100000001001002
2111111101011111111010111011010111010111100011000100100001000002
2111111111110111101111010001100000111000001100110010000001000002
2111111101111111100111101100100110110000000000000000000001011002
2111111111111110011111011010111010110100000001000000010001001002
2111101110111101011110100111100000110000001100010000000001000012
2110111111111110111111110101111000110101001000010000110001000002
2111111111111101111011111110011001110000000000110000000001000002
2111111011111111111101011010011010011010000100100110100001000002
2111111111111010100110010000101010110101000000110110000001000002
2111111111101010010100010110000010011000010000100000000011100002
2111111111011110011110111010101100110111101000100000000001010002
2111111111111011010111111111111101110010100100011001000011100002
2110111110111111111111101000110110110110000001100100000001000002
2111110110110101111110110111000011010010000101000000000001000002
2111111011111011011110010110100001110001010000010001000001000002
2111111111111111110010100010111111010010010001100001000001000002
2111111010111010001011011111101011110101010100100000000011100002
2101110111011110111010111010000011110010000100010000010001000002
2111110110110011011110011011111000011110100000010101000001000002
2111111111111011000011111111011010011000000111000000000001000002
2111111111111011101111011111111100111111010010000100000101000002
2111111111101011101111111010111001111000100101001000000101000002
2111111111110110110101101011000001010010110100101001000001000002
2111111111110011110110111111010010010111000000000010000001000002
2111111111111111101110100111101101110100010100100000000001000002
2111111111101011111110110101111100111010101011010100001001111002
2111111111111011111111110111000011110000110010000010000001000102
2111111111001111111110000111110100111111010000100001000011000002
2111111110011011110000000100111010111000111110100100000101000002
2111111111111111111111110010011011010001001100011000000001100002
2111010111110111011111110001111001010001100000001000000001000002
2111111111001100101011110001100111111000001111000000001001110002
2111111111111011110100111101111010010110000000010100100001000002
2111111111111101001100110010001110110010010100000000000001000002
2110110111110110111011110101011100110000000000011000000001000002
2111111110111111100011000111001010010001001001000001000001000002
2111111111110111101110111101100110110101110010010000100001010002
2111111111101111110111101001011101110101100000000000000001000002
2011111111111011110000111100101010111011100010000000000001000002
2110111010111101011110110011011011111001001110100010010101000002
2111111111111101110111001010111100011100010001110000000001010002
2111111111111111011010110000011110110101010101100000000011000002
2111111110011111011111010110010110111000001100011000000001000002
2111111111111011011111110101110000110101110010010000100001001002
2111111111011011110110011111000000011000001001100000000001000002
2111110111111111100111100111111000111001100110101000100001000002
2111111111010111101011111101110010110100000110000010000001000002
2111111111111011111111110100011101110000110110000010001001000002
2111111111110111111111111110100010110100001101000010010001000002
2111011111111111111111111011010000110100101000010000100101000002
2111101111101111111111100010101011011111111000000010100001000102
2111111001011011111111111011001101111010110111001000000001010002
2011111111101110111110011111110100010001001110010000000001100002
2111111011110111111011111111010011110100010010001000000001010002
2011111111110111111111100101011011011000110000000011001011000002
2110111111011110111011111001110001010010000010010101000001000002
2111011111110100110111110101100101110100000110000000000011000002
2111111101100111111111110001100010011101000010000100000001000102
2111111111111010111101111101101100010110000011100000000001000102
2111111111110000111010010001010100110011101100010000100001000002
2111110011110101111110110010101001110100101000010010000001000002
2111111111011011110101101101111011110110111000000000000001000002
2111111101111111101101101011110111110101010000100001100001000002
2111110111110101101111010111110000110001100001100100010101000002
2111111111110011101101101001011000110010001011000100110001000002
2111011101011111100111011010101011110110111000100010010001000002
2111111111111100111101101101110000110110001010101000000001000002
2111110111111110110011111010101111010010000100010111010001000002
2111110111111111110001110110100010111011011001100011000011000012
2111110011101110111011100110010101110010001100010000010001000002
2111111111111110111111011001101011111100000001110000001001000002
2011111111100101111101101000000001011010010000000000000001100002
2111111111101111100110011101111000110010101010000010100001000002
2111111111111010001011010011110101010100001000000010100001010002
2111111111111111111000111000111000011110111000010000010001000002
2111111111111110111011110110011100011100100001001100000001000002
2111111111111111101111111001111101011101100001001010000001000002
2111101111110001000111010101111111110010000001100100000001010002
2111111111111111111010111100100101011001000011010000110001011002
2111111111011110001111111010111010111100110000100010000101100002
2111111111101101111111101101100011011001110000011000000001010002
2111111011101100101111011010001110111000010101101000010001000002
2111110101111110101101111110000110111101010010100010000001100002
2111011111101011111111001000010001010001000011001111010001000002
2111101111111111110011111111111110010100100101000000011011000002
2111111111111111110111111000100111010010100000000010000001000002
2111111111111011111001111001010110111110110010001100000011000002
2111111111111111100101001111111011011100000001000001000001000012
2111111111111111101001010101110000111100000000000000100011000002
2111101111101111111110011110011100111110101010000001100001000002
2111111111111110010010111010010010111010000000010011000101000012
2111111111111111111110001010010010110110110001001011000001000002
2111111111100111011101111000110001010110101000110110001001000002
2111111111011111001100001011110101111000100101010000000001000002
2111110110111111111111101011010101011001000000001010001001000002
2111111111111111101111010001101111010011010001001000000001010002
2111111011010101111111101011001110110001000000101000000001000002
2111111110111111011100011101101010110100101000000100001001000002
2111111111111111111011011001011100111000000010000001000001000002
2111111110011111111110011110101010110100110000100100000101001002
2101111101111111111111110011000110110110101100100010000001100002
2111111111111011111010100111110001011100000101100110010001000002
2111111111110001001111001100100101111001000110000000010001000002
2111011110100011111111001010101100110100001110000010001101000002
2101111011111011111101111110001100010110000101000000000001000002
2111111111011111110110011001100101011010011100000000010001000002
2111110101111111111011010010110110011000011111000000000101100002
2111111111111111110110111010101010110010110000110000000111000002
2111100111111111011011110111101010010011000000100000010111000102
2111110011111101111101100001111001010010100101010000000001001102
2111101111111111111111011111000100111010001001000000000001000002
2111111111110011111011111110101001010100000000100000100001100002
2111110111011011101111100110101000010101110100001100100001000002
2111111111011111010010001110000100110110100011010000000001010002
2111101111110100011000111101100101110001000000010101000001000002
2111111110110101111001011110011110110010000100001000000001000002
2111101111111001110110001111000000010011001000010000001101000002
2111111111111111010010100100011010011101101000010110000011000002
2101111111110110010001110111111110011000011100000000000101000002
2111111111111101110101110111000000110000000011000000000001000002
2111110111111111111001011100011111110011100000000000000001000102
2111111111010111000110011011110000010001010000011000000011000002
2111101101110111011000100111111000111111111111111111111111000002
2111111111111111010101001000111001011111111111111111111111000002
2111111111011111110110000111011010111111111111111111111111000002
2111111111101111101000101100000101111001000010000010010001000002
2111111111111111011110011101001001010001000100110000000001000002
2111101110011111110001100101011011010010000000100000110001000002
2111111110011101000011100011100011111101001010001000000001000002
2111111111101111111101100111100000011101000000010010010001000002
2111101111011101001001010111111101111100000000000000100001000002
2111111111011111110011111000110011111111000010110010100001001012
2111111110001110110001111001000110010010001111000011000001000002
2111111110111001111110100010110101010101001110101101100011000002
2111111110101011111000100000111100010001010000001110010001101002
2111111111011011111000001001110101010011001010011011000011000002
2111111111110111111111111111010100011000101100110010000001000002
2111111111100111001011100101100010110010100111110000001001000002
2111111101111101001111100110110001010100111101100000011001000002
2111111101100110111111100100000110010100000000000000010001000002
2111111111111111100011111100110101010000000110110000010001000002
2110110111111110111111101101101110010100001100000001000001000002
2111111111111110101111010100111001011111100000001000001001000002
2111111111111001100100100111100011110100101000000101001001000002
2111111110011101010111100110101101011001000000010000000001000002
2110111111101111100111110000110011010010001000100100010101010102
2111111101111110110110101110000111110110100110100100000001001002
2111010111111111110011111111000011011100101000010000000001000002
2111111101111111111000110111111011111010110100001100000101000002
2111111111111011111101110001100101010000001010011100110001000002
2222222222222222222222222222222222212222222222222222222222222222