22222222222222222222222222222
20000000000000000000000000002
23133333333333333333333333332
23000000100000000000000000002
20000000100000000000000000002
20000000100000000000000000002
20000000100011111111111111102
20000000000050000000000000502
20000000000050000000000000502
23000000000000000000000000002
23000000000050000000000000502
23000000000050000000000000502
23000000000011111111111111102
23000000000000000000000000002
23000000000000000000000000002
23555500000555555544444555552
23111100000000000000000000002
23000000000000000000000000002
23000000000000000000000000002
23000000100000000000001110002
23111111100000000000000010002
23000010100000100100000010002
23000010000011111111100010002
23000000000010000000000010002
23000000011110000000000010002
23000010000010000000000010002
23000010000010000000010010012
23110010010111001011111111112
23000000010000001000010000002
23000000010000001000010000002
23000000010000001000010000002
23000000011111111001111111112
23000000010000000000010000002
23000000010000000000010000002
23000000010000000111111111112
23000000010001000001000000012
23000000010001000001000000012
23000000010001000000000000012
23000000010001000000000000012
23333330333333333333333333332
20000000000000000000000000002
20000000000000000000000000002
23333330333333333333333333332
20000000000000000000000000002
20000000000000000000000000002
20000000000000000000000000002
20000000000000000000000000002
22222222222222222222222222222
