2222222222222222222222222222222222222222222222222222222222222222
2000000000000000000000000000000000000000000000000000000000000002
2000000333333333333333333333333333333333333333310111110111100002
2000000300000000000000000000000000000000000000311011111100000002
2000000000000000000000000000000000000000000000310111101000000002
2000000000000000000000000000000000000000000000311111011100111112
2000000000000000001111111111111110000000000000311111111100111112
2000000000000000005000000000000050000000000000310111111100111112
2000000000000000005000000000000050000000000000310011000100111112
2000000300000000000000000000000000000000000000311011110000111112
2000000300000000005000000000000050000000000000310011111100101112
2000000300000000005000000000000050000000000000311011101100111112
2000000300000000001111111111111110000000000000311101111100111112
2000000300000000000000000000000000000000000000311111011100111112
2000000300000000000000000000000000000000000000310111101100111112
2000000355550000055555554444455555555555555555311110111100111112
2000000300000000000000000000000000000000000000000000000000000112
2000000300000000000000000000000000000000000001311111001100111112
2000000300000000000000000000000000000000000001311011111100111112
2000000300000000000000000000000000000000000000311111111100111112
2000000300000000000000000000000000000000000001311111110100111112
2000000300000000000000000000000000000000000001310111111100111112
2000000300000000000000000000000000000000000000311111111100111112
2000000300000000000000000000000000000000000001310101111100001112
2000000300000000000000000000000000000000000001310100101100111112
2000000300000000000000000000000000000000000001311110111000111112
2000000300000000000000000000000000000000000001311110110100111112
2000000300000000000000000000000000000000000000311010011100111112
2000000300000000000000000000000000000000000000311110111100110112
2000000300000000000000000000000000000000000001311111111100111112
2000000300000000000000000000000000000000000001311011111100110112
2000000300000000000000000000000000000000000001311011111100111102
2000000300000000000000000000000000000000000001311101001000101112
2000000300000000000000000000000000000000000001311110111100111112
2000000300000000000000000000000000000000000001311101110100111112
2000000300000000000000000000000001010001100001311111001100111112
2000000300000000000000000000000001010101000001311111111100111112
2000000300000000000000000000000001101100000000311110111100111112
2000000300000000000000000000000001011110011111311111011100111112
2000000333333333333333333333333333333333333333311111001100110112
2000000000000000000000000000000000000000000001111111110100101112
2000000000000000000000000000000000000000000001110111111100111112
2000000000000000000000000000000000000000000000111101111100011112
2000000000000000000000001000000000111000111111111011111100111112
2000000000000000000000001110001111011010001110011111111100111112
2000000000000000000000111110111110101111111111111110111100111112
2000000000000000000000110110001001111010011110001110111100111012
2000000000000000000000000100000111100010101011111110011100111112
2000000000000000000000000000011011100111011110110111011000111112
2000000000000000000000000010000100111010111110111110100100111112
2000000000000000000000100010010111001011101111110011101100111112
2000000000000000000000000101001000011011001010011101111100111112
2000000000000000000000000011110001100111011111100011010100111112
2000000000000000000000001101100110010110110111111000111100111012
2000000000000000000000110100000000001101010010010111111100111112
2000000000000000000000000010110110100100110011011111111100111112
2000000000000000000000010110110010000001011110101101110100111112
2000000000000000000000100110011000110011011011111111111100110112
2000000000000000000000110011001111110011100101001111110100111112
2000000000000000000000011011011100001111111111110011111100111112
2000000000000000000000000000101001001001101110101111111100111112
2000000000000000000000000100001110101111011111111011111100111112
2000000000000000000000101000010111110100011100111111011100111112
2000000000000000000000110110001001101100111111111111111100111112
2000000000000000000000111011000001011011101111110011111000111112
2000000000000000000000000100101111011100000100111001011100101112
2000000000000000000000010000110000010010111101110100111100111112
2000000000000000000000101100001001111100011000001111111100101112
2000000000000000000000001010111001100010101011101111011100111112
2000000000000000000000001000100001110111100101111101111100111102
2000000000000000000000101110000100111111001100100001101100111012
2000000000000000000000110000000011010101101111001111111100011112
2000000000000000000000001110001111000010100001111001111100111112
2000000000000000000000100000100011110011001111011111110100111112
2000000000000000000000101111000000001000111100110111111100111112
2000000000000000000000111100010010100000101111111110100100111112
2000000000000000000000100010001011110010100111111011101100111112
2000000000000000000000101010110011110011010001001111111100111112
2000000000000000000000101010101101100100001111101111111100111112
2000000000000000000000001010001001110101101011110101111100111112
2000000000000000000000101100010000110000010110101111111100111112
2000000000000000000000000101011110110111101111011011101100111112
2000000000000000000000000000000000000000000000000000000000111112
2000000000000000000000000000000000000000000000000000000000111112
2000000000000000000000000000000000000000000000000000000000111112
2000000000000000000000000000000000000000000000000000000000111112
2000000000000000000000000000000000000000000000000000000000111112
2000000000000000000000000000000000000000000000000000000000011112
2000000000000000000000000000000000000000000000000000000000111112
2000000000000000000000000000000000000000000000000000000000111112
2000000000000000000000000000000000000000000000000000000000111112
2000000000000000000000000000000000000000000000000000000000111112
2000000000000100100111101001001110000110111111111111111110111102
2000000000000000010001100100100101111011011111110111111110111112
2000000010000000000000110111000001111011110011000101111110111112
2000001010001000001000100011111111110111010011100110111100111112
2000000000000000010010011001100100111110011011111111111110110112
2000000000000000001001011111000011110011101011001111101110101112
2000000000001000000010000010110001100001110011101010101110111112
2000000000000000100011000010001100101111100001101100111110111112
2000000000000110010000000011100111010111111101111111100110111112
2000000001010010000010000110110101000011100111001011111110111112
2000000000100000011010111000010000111101111101101011111110111112
2001000000000110010110000010010101111001011010111111111110110112
2000110000101100010100000101010110010001111001110001111010111012
2000000000010000110100001000101111101001111111110111110110111112
2000001010000000100100000000110100011010011100111101100110111112
2000000000001100001001010101111101010011010111101100111110011112
2001000000110000001010000011100101010001100101101010101110111112
2000110001000010001100001011100000010111111011101100011010110112
2000000000000000000010010101011000101010110101100110111100111112
2000000000000000100100001100110011010011011011011011111110111112
2000000010000001000101001110110010010011011000111111011110111112
2000000000010010100101110001101010000101100101111111011110111112
2000000000000010000010000100111010100011011010111111111010111112
2000000000001011000011001000100101101001011110110111111010111112
2000000000000110001100111001011110001100101101111111111100111112
2000000000010011100110010001011101100011111111101110101110101112
2000001000100000000101001111010011101010111010011011111100111112
2000000000010010000100011010011100100011111001111011101100000112
2000000000000000010000000010111111100100111101111110111110111112
2000001000000000001011001001101000011011011110110110111110111112
2000000000000001010001000000011010111100111100101111111110111102
2001000001000010000010010000001101000001101111100111110010111112
2001000100011000100000000011101111010111101011011110111110111112
2000000000000000010100000100110011111100111000010101001110111112
2000110000010000001010000000000000000011101010010111011110111112
2001001000000100000010100010111000010000011110010111111110111112
2000000000000000000110000011000010101101001001111111000010111112
2000000000100001000000101110000001010110110110011001111010111112
2000000010001010000000010001011110101111111001011011111010111112
2000000000000001010100100100101001011111011110011101011110110112
2001000000000000010000010000011000101000101111111111110110111112
2001000000100010000101000101010111010100011111000011111010111112
2000000001000001000000100000110010011101110011010111111010111112
2000000000100100110110111100101010100000111110011101111110111112
2000000000000100000010011100101011011010111100111111011100111112
2000000000010000000000011001110011000101101111110111111010111112
2000000010000000000111111001001010111010001101111111010110110112
2000010000011000010000101010100000111000101111110001011110111112
2000000001000000001011000000001110101110100011110111111110111112
2000000000010000101000110010100100111110111110111110110110111112
2000010000000111000000100011010011011000111111110011111110111112
2000000010100010100100000001000101111101001110111011001110111112
2000001000010000001100011111111010011111110100110011110110111112
2000000001100000000010000000110000101001111111101111101110111112
2000001000000000100001100000110101101010100010111010111010111112
2000100001000000011001000101000100011001011100011100101110011112
2000000100000010011010010110110011000001100011111111110110111112
2000000000000010001000110010111111111011101000111111111110111112
2000000000000000100110001111010001110111101011111110111010111112
2000000000000100000110010000110101111101010011110111111100111112
2000000000010000000010001100011010001011011101001111101110111112
2000000000000000110000000000010100001000101110000110111100111112
2000001101100000101000100011100110000000000111101111111110111112
2000000000010100001001100000101111001100110111101011111110111112
2000000000011000100110100101110100001101100001111101111110111112
2001000000000000000010100011010010111101001010011111111110111112
2000000000000101011000000010001111011000111111010011111110111112
2000001000000110000111000000100100111001001011110111111110101012
2000000000000000111010001010111110110001000101010111010110111112
2000000000011001000000100000100100111110110100011111111110011112
2000001001000000000000100101010111100001111101101101011110111112
2000000010010110010000100011001010101111111111101110111110101112
2010000000010100000001001101010101001101011011100000111110011112
2000000001000000000001011000001001001101111111111011111110111112
2000000000000000010000011100101101010001011011111001011110111112
2000010000010100001011001100110101010010111111101111011110111112
2000000000000010001001010001111110100011011111111011110110110112
2000000000010111000110001000111001001101111111111111110110111112
2000001001100110010001000110111011110111100111101111111100101112
2000001000010010010100101110101001001111101011001011011110111112
2000000100000101010011101001011001101101111011001101110110111112
2000000010010000010000001011011110101101011111010110011110011112
2000001001001000000100000111001010001111101010111111010110101112
2000000101001000000000000001000110101100011101110110111100111112
2000000000000101010101000010011000101011011111110111111010111112
2000010010000001000000001011010000001111100110111111110010011112
2000010000100000010000000001011110111011111101111111111110111112
2000001000100000001000011000101111001100001010111111101100111112
2000000100100000010111000110000001011110100100011111111110111112
2000000001000000000000111010001101110010111101011111101110101102
2000001000000100101111001100101111010111111011111001110110011112
2000001100100010011010000111010110101110011011010101010110011112
2000000000101001001001010000011000101111101010011101011100111112
2000000000000001000011100101111011111111100110111111111110111012
2000000000001100000000010000001000110001101100111111101110111112
2000000000100111000100001100100011101110110100111100111110111112
2000010000000101001100011001000100110101101111000101010110111112
2000000000010000000001101011001100001111111110111111111110011112
2000000000001010010010001011010010101011001010111011011100111112
2100001000000000000001001000001110011101011101111011011110111112
2000000000000101011111000100011110000111010111010111111000111102
2000100000000010001000010101000010100010001001111111111010111112
2001000000100110000010000000010011110111010111111110111110111112
2000000101000000000011000110100011100011100101111110111110111112
2000000000000010101000100010100110111011101011111111110110111102
2000000010000000010101011000010000001101011101101101111100111112
2000000000010000101100110000110000110101101101111100111010111112
2001000001000000000000010000011000000101111111110111101110110112
2000000000000110010000001000000110111110011101101011111110111112
2000000000100000010010001001000100000110100010110111111010111112
2000000000101100000001000000100000101110001111111111111110111112
2000000001000001001000000010011100000011011101101111101110111112
2000000010001000000010101010111111110100111100101101110110111112
2000000011001001000100000000010000010011101001101111111110111112
2000100101010000000001000011110011001001111011111011101110111112
2000100001100000101100010010101000110101001111110011111110110112
2000000000000000000111101110010000011101111111111010010110111112
2000000000001010000100011100000010111110001011111111111110111112
2000000001110100000110010100000110111101100101011011011110111112
2010000000000000001110010100100011110111011111111111111110011112
2010000000001000100110011010100110111000110110011101101100111112
2000000000110010001000010010110000110101001011111111111110111112
2000000000100000001001000110011001101111000011111111111100101112
2000000100100001011100000100010101111110110100110111011110111112
2000000000000000010001010100001111100101110111111111111110110112
2000000010000001000011000010001011010011001011010111110010111112
2000000000010000001000000011010101111000001111111101111110101112
2000000000110000000011000111111111011101111001101111011110111112
2000000011100011001010001100101101001010111110111111111110111112
2000000101010000100011010010000001100100111110011111110110111112
2000000000000101100010110100010010010000000101010001011110101112
2000000000000000100011100111100000111111110101110101110110111112
2000000000000011010000101010110111010111100011110011111100111112
2001000010000000110001000100000100100110101011011100111010111112
2000000000000000110011110001100110100111110111111111111000111112
2000000010010000000000010000000110110101101100111111111010110112
2010010000000010111010101111011111110111101101111111011010101112
2000000000000000000000100100011101111010011011111110111010011112
2000000001010000001001111100000110100111000110010011111100111112
2000000100000100100000000111001010011110010101111011111110111112
2000000000000001010111000000100000100101110011101110111110111112
2000000001001100110010000000111100010101111111111011101010111112
2010000000100000100110000111100101111001111100111111011110111112
2000001000000000000100001100110000111001101111010110111110111112
2000000010010010000100100010001100100000111011011110111110101112
2000000000000110100001110100101101011010111101101111101010111112
2000000110000110010001101011011000101111111110111111111010101112
2000010010011000010100010001100101110101110101111110011110111112
2000100000010000000101100100000011101001001010111111101110111112
2000000010000010100101110000100100111010101011111101011100110112
2000100001010000000100000011001111111111011111010111111110111112
2000000000000000000000001101101100111111111010111010101110111112
2000100001000010100011010011110001011110111111011000111110111112
2000000000000001001000101000010111001001110011111111011010111112
2000001000001010001010111010110110001011101010101111111110111112
2000000100010000000001000000100110111100111101010111111110111112
2000000000000010000100101110010011110101111110011101111110111112
2000000000100000001000110001000011100111110011110101101110111112
2000000000000010000010100001100110010001111011111110111110111102
2000000000100000000010000001110111011101001001001011111100111112
2000000000100000011100010001000100011101111111010111011100111112
2000000000110000000000000101100001100011010011111111111000011012
2000000000100000000010110000001100111011011101110110111110110112
2000000000000001001010001111011010111111110101111111111100111112
2000000000000010000010011001010000110110101100111111101110101112
2000110000010100000010100101110001000001101011011101111110011112
2000000001001000000011000110010010011101010011110110111110011112
2000000010000010111010101101010110111010001111011111110110111112
2000000000000010110000001001111111000111001111111111111110011112
2000000000000000001011011101100010110011111011110111111110111112
2100000000101110110100000010111000010110110111111101111110111102
2000000000000010000100010001000000110011011001111111111110111112
2000000100000000100000010011011001111001100110101011111110111112
2000000000000000000011010000110110110011001111101110111110111112
2000010000000100000010010010100011110010010011110101101110111112
2000000000000010100000010001010010000111010010101110111110011112
2000000001000000010000101011011111001001010110001110011110111112
2000000001100010000100100010000001000011100111111011110100111112
2000010010000100101000010000010011101011101100111111100110111112
2000000001001000000000110101100110100000000011011111100110111112
2000000000001010000001110001000001110001111111111111111110111112
2000000000000100010010100110100101011011101001100111011110111112
2000000000100000000100101000110111001111111111110011111110111112
2000000000001011001001100111001111001100101111011011111110111112
2000001010111010000010001010100101101100001001111101111110011112
2000100000000001100100101010110001010101011101011011111110111112
2000000000100100000100110101000111110010111110010001111110111112
2000000000000000000000000001000100011110101111110101111110111112
2000001000000111111000000001100011110011110010110111110010111112
2000000000011001000000100000001001110011011000101100100110111112
2000000000000001100000010000010110011101100111111000101110011112
2000000000000000001001100010100001111001001110111011111100101112
2000000000011001001000101101110111110110011001101111111010111112
2000000001001001000000110101001101101101010011011101111110111112
2000000000000000000000000001011000001110111111111111011110111112
2000000000010001000100001100010101101101111010001110111110111112
2000000000000001000000010011110110110101111011111110100110110112
2000000000001000011100000101010001010111100111011101101110111112
2000000000000000000110000000010001010111101101111111001110111112
2000000001000101100001001001100000101110000110101111101110111112
2000000001010000000000000010111110010100101101111011011110111112
2000001000000001001010000011110100111011101110111111111110111112
2000000000000000000111110011000111010101011011101111110110111112
2000000000000000010000001000101010101110110011111111111110111112
2001000000000000010100001101100000010001100111111111110110110112
2000000001001001000011000001010110101100001111100011011110111112
2000010001010000001100101010000111011010100001101111111100111112
2000000000001000000001110110000101000111111111001111111110011112
2000001001000010000010010100010001011110011011111001111110100112
2010100001010000010100010000000111100101001110000111110110111112
2000001010000011100011011111001111010110000110100011110110111112
2000010000000001000000000001110111001001011110110111111110111112
2000000101000101000000110100101101000110110101111100111100011112
2000000100010010000110110111000001001110101011111011111110111112
2000000000000000000011000000101100010111000110011111101110011112
2000000000010000000100011000111110011011001111001111111110111112
2000000000011000000010010001010110111000010111001100101010011112
2000000010100000001110000000001010101100001101110100111110111112
2000000000110101000001000001101101110010111111110111111110111112
2000001000000001101011000100111001100011110110111010101110101112
2000000000000010001001101000000000110111101011011111110110111112
2000100100000000100011001000011111011111111111111011111110111112
2000000000000010010100000110001101001100100000111101111110111112
2000000010000101001010010100011001100110010011111110011010111112
2000100000000000010011001001110011111010011100111110011110001112
2010001100010000000001000000010001111111100011111111111110011112
2000000000101011000111001101110011110111011111101011111110101112
2001000010000001000111011001011011011110110100010111101100111112
2000001000000011010011100000000100101010111010101111111100110112
2000000000011000111100010000101011100110110001110111111110111112
2000010000000000010100011101000101000001110100011101101110111112
2000000000001011000100110110101000111010111101001001111010111112
2010000000000000001010111100101110000011001111111111111100110112
2000000000000001010000011110000011101010100110100111011100101112
2000000001000011110000101010001000010101110111011101001010111112
2000000000101000000010100111000010010101101110001011111110111112
2000000000000101000010111100010011000011011011001110010110111112
2000000000010010000100101100100000011101000111010111111110101112
2001000000011000100000001110010011100111111111011111101110111112
2001000010100001010000000100100100101110001011011101111110111112
2000000000000000110000101000001100011111101111111011111110111112
2000000100000010010000000001010000000110011110111011111110111112
2000000000000000011010100011110000111001000100110100100010110112
2010000000111000000000011000000100001101110110000101111010111112
2001000000000000001011001001001000011001100001000011111110111012
2000000000100000011101100001010111001011111111111111111110111112
2000001000000000001001010010100110110011110011111111111100111112
2000000110010000000010011001010101111111110111111100111110111112
2000000000000010000101001110011001001111111100111001111110111112
2010000000000000010000010001000001101010011011011011111110111112
2000000010101001100010000011100000000101001100011111011110000012
2000000000010000010000100001010010110111110111111101111110111112
2000101001000100100010001101001110110000010111111110111110111112
2000000010000000000000000010110011000111110111110111110010111112
2000000010000010011010001100101000110000111011101010101100111112
2000010000000000000100000100110111000111011011001011111110111112
2000000000001000100000110010110001011111111111100101001100111112
2000000010000100010000100100101100101010110000001011011100111112
2000000000011001100010000000010100110010100111000111111100111112
2000001000010000101110001101000001110000111100101011011110111112
2000000111000100100010000001011000111111111111011111111110111112
2000000000000000010001001010111001111110101111101101110110101112
2010000011010101001100000110110100011001111111111101111110111112
2000000001010000000110011111000010111101111100111111110110111112
2000001100101000100001000001101001111110011111011111111110111112
2000000100000000011100110011000011000100110110111110111110101112
2000000000100001100000100101000101001101110100011100101110101112
2000000000000000000100101001001001110111110100001111111110111112
2000000001000100000000000011101111111111011011111111110100011112
2000000000000100000010000000100011000001111111001111111100111112
2000000000100000000111000001010110101101111101110110011110011112
2000010000010000000000011101010101010101000111100111011100111112
2000000000000010000010100010001011001110111110111111101110111112
2000000000000001001000100100100000000000110111111111011110111112
2000000000010010000011010001010110001111011110111011111110111112
2000001000000000000010001110010011101101001101001011111110111112
2000000000000110100101111010100100001111011101111001110110110112
2000000000000100000010001110001011101111111111111111111110111112
2000000000000011000101010010101110110111101011011101111110011112
2000100100000001010011010100011111101001111010111111111110111112
2000000010000001000111100111011011111110010000101111111110111112
2000000000110100001001000001011110101111001100011101111010111112
2000000111010100001100101010010011100100011101101111111010111112
2000000000000000000010001001100011011100111111101111110110111112
2000100000001100010100001101001100000111010001100000011010111102
2000100000010000000000000000100011111111111111111011101110111112
2001000101000000110001010101010100001101110101001111011010111012
2000000000100010010011100110000011111101111110111110011110111112
2000001001010000001100110100101110011111111111110111111010110112
2000001100000010010100001101000011000001110100101111111110111112
2001001000000001000010000010010011101100001101111101011110111112
2100000000000000000001011000010100001010011011111111011100110112
2000000000001010010110101001000101100010101011111111111110111112
2000101101000000000001110010100000101011111101111011101110111112
2000000001100001011100110000100000001110111111111010111110111012
2000001000000101000000010001111110101011011110111011111010111112
2000000100000010010000100111001010010001101111101111111100111112
2000100000000000011000010001101111110101111111011111001100111112
2000000001000000010100010000111010000111010001111000111110111112
2000000000000010000000010100111101011011110011100111111110111112
2000000100000001111100100100011011111011101101111011111110110112
2000000010000010001010100010001011100011111001110011111110101112
2000000000000110000000100101111100111011010111111111111110111112
2000000000000000000100101000100000001011111110111101111100111112
2000000000000000000001001010000111001011001111110011101010111112
2010000101000100010000000010011101100101011110111111011110111112
2000000010000000100001010001000101000110001110111010111010111012
2000000000001000001110000100100110111111111100011001111110111112
2000000000000000000000011001000101101011011101111111111110101112
2000000001000011011000011000010011101101011111011111111110111112
2000000000000001011000101001100100010011101110111111111010111112
2000000000000000001000110001100110001110110111110011110100111112
2010000001000000100001000001100110100110101111111111111100111112
2000000000000100011000110000001000011110001010111001111010010112
2000000001011000010100000000000011101110101111011110111110111102
2000000000001000001000001101100011100101010010111001101110111112
2000000000000000111001100000100100011100011010011110011110011112
2000010000001000101000010000011001001101110001111111011110101112
2000000000001000001001000110001100010101101011111110011010111112
2000011000010000010001011101100101111011101111101111101100011112
2000001000001000000000100100101100111100110111101110011100111112
2000000010001011100001010000000000110101110010101111100110101112
2000000000000000100000110100011111110111011111111111111110111112
2000000110001110101001000101000111001111101110000110000110111112
2000000000000101000000010001011101101111000111010010100110111012
2000000010000011000111110000000111110100111011111111111100101102
2000010000000000110100001100101110111011000110110111111010111112
2000000000000000001010011110101110011110110111111111101100111112
2001000000010001110101000010100010101000101100111111111110111112
2000001011001000001110000010001010001010011101110111100110111112
2000000010100000000010011000001101010110101111101011110110111112
2000100011011010001111011010101011010111011010111111011110111112
2000000100110100001000011111000011101110110000000011010110111112
2000000000001000010010001001100000011111101100000011011110111112
2000000000000000000001000011001001111110111110101101101110110112
2000100000000000010011010101001011000001011101111111011110011112
2000000010100010000101100010101100001100111011010111110110111112
2000000000000000001101101110011011110011001111011111101110111112
2000000000000001110100010011010101101010101110011111101110111112
2000000000000000010010000000110000011111100101011111011110110112
2000100100000100010011000100101101111010010110111111111100011112
2000000000000100000001101001000000100000101010011010011110111112
2000000000111000100001110010001101111001110101100111101110111102
2010000000000010000110110001110000101111101101111111111110011112
2000000100000000101000010011101100001011101110101101111110110112
2000000000000001000101010001111110001100111101111011111110111012
2000000000101010011110100101010010101001111111110111011100101112
2000000000100101100001100110110001110100111011111111110110111112
2000000000000100010010100010101001110110111111101011111110111112
2000000001110110000000110010010100001011110110110111101110111112
2000000100010000001010111010011111011110011011111111111110101112
2001000010000010110010010101110111110000011101011011111110111112
2000000000100000001000111001010110111111111010111011111110111112
2000000000000001001010101011100010000001101110111111111110111112
2100000001000000100010010101000000010011011111101011111110111112
2000000000001010000110100001001101001010111110011000011100111112
2000000000010000000100010001100000100011111111001001111010111112
2000000010000001010000000010100111101110110111111111111110111112
2000000000001001111011100101110011010111111011101101011110111112
2000000010100100100100101010111000011001111010110111011110101112
2000001000000010000110001100010011110011011100011111111110101112
2000000010000000000000001001101101010111111110010111111110111012
2000000000100000001011010110111111010110111100111010011110111112
2000000010000110101001011111011010100100111010110011101110101112
2000100000000000100000000001010011110010111000011111111110111112
2000000000100000000000001000010110101011000011101101111110110112
2000000010000001100000101001010001000101101111100111111100111112
2000010000000000000110001000000010000111110011110011001110110112
2000000000000000000010001000101011100111101001011111111110111112
2001000000010000010111001111010001101000101011110101010100111112
2000000000001010100000010011101111001110000001110110111010111112
2000000000000001011001010100001010001100111100111101111110111112
2000001000100000010000101010000111111010111011110111101010010112
2000000000000110010000100110101001001001100001001010111010111112
2000000010110100000001000010011011011110110111011101011110101112
2000100000000000000001100101011100000111011111111111111010111012
2000000010000000100011101100101001111011010111101110111110111112
2000001000000000110000011101100010101001010100100111111110111112
2000000000000001000001101010000101111110011111111111111010111112
2000000000010010001000001100100000101101111111000111111110111112
2000000000000000000100100110010100111111111111100111111110111112
2000000000000010101101101101111101110111111000101110111110101102
2001000000100000000100100010001111011111000111111111111110111112
2000000000000011010000100001000101010111100011111111111110111112
2000000000000000000001010000111000111011011101111111111000110012
2000000010000000010101010111100001110010111011111101111110111112
2000000000000000001000001010101011101001000001111111011100111112
2000000000011000100101000110111001100111111110111010111110111102
2000010000000010100000110010001000011011011011111110111110111112
2000000000000010011011100000010001110111010111010101001110111112
2000000001000001001000010001001111101001011111011111111110111112
2000001010100000000110100100010110101001011010010011111100111112
2000000000000000001111100001000110011101110111101100011110111112
2000000000010000000000011001011101111011101111101111011010111112
2000100000001000000101100010011010001111010111101110111110111112
2000000001000010000000110111010011001101111111011000111110111112
2000000000000000111100110100101010001101111100111101111110111112
2000000010101000000111000000110101011111011101111011111110111112
2000000001000000000100010011001101101010100111100110111110111112
2000000000010000000000000010000110100100001011011010011110111112
2000000000000001001001101011111110000010111011110101111110101112
2010000010000010010001100001010000111111111000111111111110111102
2000000000000010011001011001010101101100100111111111011110111112
2000000000010000001111010101100111010000111110111110111000100112
2000001000000000000111010010010011010110101111111101011110111112
2000000100000001000011001101000011100100111110001111010110011112
2000000000001010010100001111101100010001101111111110111110011112
2000000000010010000001110110100101011011111010111011011110111112
2000000000001100000001000100100011100001101101110111111110110112
2000000000001010001001000100010010011101000111100110101110100112
2000000000010110000011011011011100011111011101011010111100111112
2000000001100000101100110111000100110001100010110110110110111112
2010000000000101101000001100010110011010111110011100111110111112
2000000100010001010000001010101000100001001101111111111110011112
2000110100000001000000010011100100101101100011111111111110111112
2000000000100000000000010010001001111100011111111111111110111112
2000001000010000101010011001100011000101111111001111111010111112
2000000000011000010110101110000011000011011111001101011000111112
2000010001000000110100010001101100011011111101001111111110111112
2000000000000001000001110000100001011110110011111101111110110112
2000000010110000000100000000100110010011111101100111111010011112
2010000100010001001010000000110010110100111111001111111110111112
2010000010000001000010000110000011000010010110011111111110111112
2000000100100000000000100000001001111100111111101111111110111112
2000000101001000000011001101000110101101001101101011111110111012
2000000011100001000000010000010110101111111111001111110110111102
2000000000000000000010000110110110111001001111011011111110111112
2000000000000010001001011111101111101100000011111011111110111112
2000000010000100000110111000000010010110111010111111111110111112
2000000000000000001110000011000011110100110000001110111100111112
2000000000010110110010100000110000101101101111111111011110011112
2000000000000000000101000000011010110011111111111010111110111112
2000000000000010010000100010011000001011010000111111101110011112
2000000000000101000011100010001000100101111101110011111110111112
2000000000000010100001011000110001110110011111101001111100111112
2000000000000000000100010101100100100011100001110011101110111112
2000000000010100100000101000000111000111111101100011111110011112
2000001000000000101001111000011110101000010111001011110110111112
2000000000000000000001100100000010110101110101101110111110111112
2000000000100100100100000110001100010110110101011111111110111112
2000000000100010000010011101100110011001110001111011111100111112
2000000000100000010000111010111000111001001111111111111110110112
2000000100000000001100001011110001000011100011011011111100111112
2000001010100010101001101011010101111000111111101111111110111112
2000000111100000000111111011111001001101101111111111111110011112
2001000000000100001100100101100111100101101010100101110110110112
2000100010010001001100001101011110011111111011111101100110111112
2000000000000000000000000100011000101010111100101011111110111112
2000000000100101110000000000010011011111011111111101111110111012
2000000011000100001010101101011110111101010011111111110110111112
2000000000000100001000000010111001101111001011111111111100111112
2000000000000100100010000001101111111011010111011111111110111112
2000000000001000111101000110011011000110011101111011111110111112
2000001000000000000100100011000010011000111111111101111110111112
2000000000001000100001011010000111101001111010100000111110111112
2000000000110001000101010010110010011011111111100101111010111112
2000000000010000100100100010001000000011100101101111110010111112
2000000001011001000000110011111100110111000010111110111110111112
2000000000000010101111100111011000001010111001110101100110111112
2000000000101010001110000110110000111100011010111111110110111112
2000000000000000000111001000101111010001110111111101111100111112
2000000000000010001011010000110101111110111011011111111110111112
2000000100100010000000000101000110001010111011011111111100111112
2000000100000000000001001010011101111111111110101111101110111112
2000000011000000010001000000101100101111111011100011110110111112
2000100000000100001100000010001010100110000000010110111100111112
2000000000001010000100011000101000000011110011110111111110111112
2000100000010000000000011010010010111011111001011100011110111112
2000010000110010110010101111100101010111010011011111111110011112
2000000010010000000001111000100110100011100111111111111110111112
2000000000110001100100000001001111011101010110110111011010111112
2000000000000001100001010100100000101100100010110101011110111112
2000000000100000000011011001011001010100111010111111111110111112
2000000010100010000000010010111100101110110000010111111110111002
2000000000001100000011100000010011101011000010100111111110111112
2000101000010000010100010001010000100100001001101011111110011112
2000000000010100100101110000000010110011011111111111110110111112
2000000000000100000000101111000111110111111000111010101110111112
2000000000100000000000101000010000101110111000100110101100111112
2000000000000000001010100000000000100011111001001111110110111112
2000000000001010000010110001101010001101010100111111110110111112
2000000001000000100000011010111100010011011011111111111110111102
2000101010001101010011010110010000010001110110111100111110111112
2000000000001000000000000100000000100011010110011100101010111112
2000000001000011000000010100010110111101111001011101011110110112
2000000000010100100000001101011011000110011011101011111110111112
2000000100010001101100110000101000100000110010100011111110111112
2000000000000001011000010100101110101001111001011111101110111112
2001010000000010000000011100001010000011110011111011111110111112
2000010010000000100001110110001111011110011111101111101110111112
2000000000000000010011011000000101011111010111111111011110111112
2010001000000000000101100101100001000111110110001111011110111112
2000100100000010001010010010000011110001011111111111101110011112
2000010000010000000110000011001001011001111000001111111110111112
2000000000110000001000101001000011001001011011111110011010111112
2000000100000000010100111000000000010111111110110111111110111112
2000100000011000000101000010010011011101011010101110110110111112
2000010000000100000010101001000000001010011001111110011110111112
2000000000000000000100001110100110111101001111111111101110111112
2000000000001010100101100000011101101100001010111101100100111112
2000100100110000000010010000101001100111101111110110110110111112
2000000000000010110100100110101000011111011100110111111110111112
2000000000000100001011100010001010011000000111111111111110111112
2000010000000000000000001001011011100100000111010011101110111112
2000000000000000000000000001001101010011100101101111110110111112
2000000000000000000100011100101010110100010011111111001110111112
2000000000000000010000001001010010111111110101111101111110101112
2000000000100000100011000001101000110110110111111010111100110112
2000000000000011011001111110001011000101001101010111110110011012
2000000000000010000100010000101001110011000111111101110110001112
2000001100001000101100100010001111100110110111111111110110111112
2000000000000000100000001010110011110101111110110101111110111112
2000100011000100010000011010111011001101101110111101111100111112
2000000000001000101000100001001111011010000110101111111110111112
2000000000000001001011000000000110110010011100101110111110111112
2000000010000000010100011001101000011101011000111011011100111112
2010010000000000000101000101000110101011010110101011110110111112
2000000001000100100110001000101100010101101011110111111110111112
2000001001001001000111011110000100111101101111101111111100101112
2000100000100000010001110010000110010101111011101101011110111112
2000000000010100010001000110001101011001011111101101110010111112
2000000000000000010100010000001110011110110111101111111110111112
2000000010000001100001101110010100101010010000111010111110010112
2000000000000000100000011000011000111010111111001011111110111112
2000001000000000000100000000011111111110101101011010111110111112
2000000000110100001010001000001111011101001101110111010100111012
2000000110000000001100110011110111111010001111110111101010101112
2000000000000000110010110011010111011111110101111110110010101102
2000000010001100000001000000010010110110010111101111111010111112
2000000000000000101111000000000111010000111011010111010110011112
2000000000000000100000000010011011001001111101101111111110101112
2010000000000000000100100000011000011100000101011111011110111112
2001000010000000000000000100111100100111110101111111101110111112
2000000100000110000001101010011101110111010101011110111110111112
2000000001001000000001001110101001010101111110111111111110110112
2000000000100101101000010100100010011110101110111111111110111112
2000000000000011000000100000001001100111111111110011110110111112
2000000000100000000000010001011010001011110010111111111110110112
2000000000010001001000001000111011101010011011111110111110111112
2000000000000001001100101000001101010100011011110111111110111102
2000000100000011001110111000010110101100111111111111001100111112
2000000000011000000010001011101000011000011100110111111110111112
2000000000000101001000000000001100010001111111000111111110111112
2100000000000001110101001001011110010110011011011110011110111112
2000000000000010000001000011111010001111111100111110111000111112
2000001100010100110011101001111000110111011111110111111110101112
2000000000000001000111101100010010101001110111001111111110111112
2000000000110000000000100000001101001110110100110101111110111112
2000000000000000000110010110110100010111100001011011011100110112
2000000001001000100000110101001101010110011111111000101110111112
2001000000001001000110110010000011000001100111101001111110111112
2000000010101000101011011010101000010110111010010111110110111112
2000000001001000011100110010010111011101011111110011111010111112
2000000000000001010000000111100001000101000111110110010110111112
2000001000000000010000101001001000101100101000111111110110111112
2000000001001000000011000111000110111111101111111111100010010112
2000000100101001100100101011000011011011111110111111111110111112
2010000000000001111000000011111111001011011111110111111110111112
2100010000001000000000100100000101110111111011100101111110111112
2000000000000000000000011110110000110110111101011011011110111112
2000000000010000000010001010101001111001110111101111111110111012
2000000000000000000001001011001001010011100110110110001110101112
2011000001000010101000010111111011000111001101111101111110111112
2000000000001001010101010100110001011011010111111011011110111112
2000000000000100001100000100010110101101011101111111111110111112
2000000101000001010011010000101010001100111101011000111110111112
2010000001010110000000110101111011011111111110111011111110111112
2000001000000110000011100010000010000110101011101110101110111112
2000000000000000110000001110110100000101101100111111010110011112
2000000001000000000010001101011100100110010101001011010110111112
2000000000000000100100000101001101111101111011111110111110111112
2000000100000010000000101011011010010111010001011111111100110112
2000000000001000000000100011110000101010001111101110111110111112
2000000000000000011000000010110000101011001110001001111110111112
2000001000000001000000000100010110011111011010100111101100111112
2000000100000000000000000000111101100101111101100111111010111112
2000000000000101000000010001111001101011111111111010111110111112
2010000000001000011000000111010011101000011111111110111000011112
2000000000100000000000000010001010001011111010101111111110111112
2000011000100001100100010110000101010001111010011111111110011112
2000000100001000000000001000110111010110011101111111111110111112
2000000000000010100100110001110111000100110010011111111100111112
2000010010000000100010000000011011011100010111001110111110111112
2000000000010000100011111110011110110010011101110010010100111112
2000000000001000001010110001100100100010111111110111111100111012
2000000000000010001010000110110001110011101010111011111100111112
2000000000010010110100101110010110111111111011100111011000111112
2000000001100001001101100010010010110111111111111111111110111112
2000000000010100000010110100010001011010111000110111111010011112
2000000000000011000000001101011001001111010111101110111010111112
2000100000011010011101000111010011010111010111001010110110111112
2000000000000000100000100100001111111011111111111111111010111112
2000100000001100010001010010011101100011101011011111111110111112
2000000001000100010001001010001100011011111101001111111110101112
2000000000010110110000010111100010001010011110011001011110111112
2001001010000000001100000101110011011110101111101101011110111112
2000000011011000011011110001011000111001111111111011011100111112
2000000000000000001110011101100011110100011100101111111110111112
2000000000000000001001001001101010111101001110111011000100111112
2000000000000110000111010111111100100000011101011111111110011112
2000000001101000000000000000001110110100110111101100011100111112
2000000000001000000010010011011100001101111011011101111110110112
2000000001000000011101001101101001010001100011110111101110011112
2000000000000001101100110001110011011111101111111111111110111112
2000010001100000100000011001100010010001101100111101011110111112
2010000000000000000000101100101001011101011111111011101110111112
2000000000000000001100011000110110111011111101101110101100111112
2000000000101000100011001001000010111111111101111111111110111112
2000000000010000001100001010010100000111010110000111111000111112
2101000010000000001010010101011000000101011111011011111110111012
2000000000000000010111110001000100011111011111011111111010111112
2000000010000001000000101101001001101110111001110111110010111112
2000000000000001001000000010010111010100111111111110110100111112
2000000000000010010000100010000110100001000101000100111110111112
2000000100000101100100101011000000010111111101011011111110111112
2000000000000000011001011101111011100111111101101111111110111112
2000000000000001001000000110100010101010110011111110011000111112
2000000001000101100110100010101010101111110110110110111010110112
2100000000000000111000100000000001100011000111100110101110111112
2000011000001010010001101000110000111110111011111110101010111112
2000000000010001100011101010001001100100100011111111001110111112
2000100000000000001000110001001111010111111011011111111110111112
2000000010010001000010001010010000001011111111111101101010111112
2000000000000000001010110011001111011111000111101011011100111112
2000000000000001001000011000010011110100011011101111111110101112
2000100001001000110000001101101100001011011111011101111000011112
2000010000110100000010110000101010110011110011100110011100110112
2000000001000011101001000000100111001111111010100111111010010112
2000000000000010100000100100011101110111011110111010111110111112
2000000000000000000001100110101101111011111111110101111110111112
2000001000000010010010000011111111101101111111011111011110101112
2000000000100111010100000001101010101011101011100000111010111112
2000000000011010110001011000100010000011111010101111011110011112
2000000000000000000000000011111101100111101110111101111110111112
2000010100010000000111110000101110100011001111110100111110010112
2000000000110010000100000100101001010111011110011110111110111012
2000000000000010100000010101111010001011100011100111100110111112
2000000001000000110000101110001100001011101010111001111110111112
2000000001000000000000001101000100000010111110000111010110111112
2000000000000011000000000100111011110011110110111011111110111112
2000000000000000000111100010111100011101111111110110111110111112
2000001000001101000000001001000011011011100101111111011110111112
2000000100100000010100000000101000100111011111101111111010111112
2000000000100010001001100100010000010111111111101100111110111112
2000000000000010010001001011111111011001100101111110100110101112
2000000000000000110110010010001100001111110100011111111100111012
2000000000010000100010101000010000101101011101111110111110111112
2000000010100100110001010111010010111001111011111101111110111112
2000000010000100010001010000101110001010101111111111101110111112
2000010000010000000100010111011101111100001011111111111010111112
2000000000000100000010010000000000110111011110110011001110111112
2000010000000000010011100101110101101000010111111110111110111112
2000001001100000000000000001111001010001101110110111111110111012
2000000000010001010000001111101111111101101110111011111110111112
2000001001000000001000011101110001010001000101111110111110111112
2000000010001000100001101000010011110101101111101111011110011112
2000000000000100100000110101000001001100111111011111111100111112
2000000010010000101010000001010011111010001110011111011110111112
2000000000000010001010000100101111111111101011101111111110111112
2000001001010011100101000111010111100111010111101011111100111112
2000000000000000010001001011000010101100011111011111101010111112
2000000000010001000000100000010101101010000011111001101110011112
2000001110001001100001010011011101000110100011110111111110111112
2000000000000000101001010011011110110100011101111110111110111112
2000000000000010000000100011101010001111110111111111011110111112
2000000000000011000001111101000010010010101011111001111010110112
2000000000000000010101000101101001000100110110111110011010011112
2000000000000001000010010100011010111001001110101101111110111112
2000000000010000000001000010010111011111001111101110111110111112
2000101000010001000000000000001000001001010110111111111100111112
2100000000000000010110100001001110001000111011110100111110111112
2011000000010010101000010011000111010101000011111011101110110112
2000001010101000110100111001010000000011110001110111111100111112
2000000000010000010000111001000011001011100010111101111110111112
2000000010100000100101110011110010011111001011010110110110111112
2000000000000000000000101000010101000011110111111011111100111112
2000000000100000101100100010011111110001111011111110110100111112
2000000001000000000100011011000000001001111011111001111010111112
2000000000001000101010000010000000010100111111111011011110111112
2000000000000000010100111000001010010101001010101111111110111112
2000000000000000000000000101100111010101101110101011111010110112
2000000001000000000110001101011001001111101001010111111110011112
2000000110000110111110001010000010011110000011000011110110111112
2000000000000010000010100101010000110010110101111001101110111112
2000000001000000000100001100110111111101111111100111110110111112
2000000000011100000100110010010111101111000011111111111110111112
2000000000000000001001000100010010111101110101011101110110111112
2000000000000000111000100001100111101011110011101111111110111112
2000000000001000110001101010010001000011000011111000111110011112
2000000000001100010001001001000110111111110111110111111100111112
2000000100001000100100110101011000000010010111011001111110111112
2000000000000001000000000110010000100100100111110101111110001112
2000000000001000000101010000001101111011101011100111010110111112
2000000000100100100001000000001101100010111101001111111110111112
2001000000000000001000001000001000110010111111010010110110111112
2000000100001000100100010000110001000011101110111011111110011112
2000000010010000000001000000001111110011010111110011111110111112
2000000011000000000001011100101100010111001111101111011110001112
2001010000000000101001010000010100111110100111110001011110111112
2000001001000010010000010110100001111100011111110011111110111112
2000000001000001000011001000110101011001001011101101111010011112
2000000000000010000010001000001111101100111110110110101110110112
2000000101100001000111000101110100100011110100010111111100111112
2010100000100000000001100101001110000011111111111111111110111112
2000100000100000010101000010111111111000110111111011011110111112
2000001000000110110011011111110000100101101111111111111110011112
2000000100100000010001010001001011000011111110111101001110101112
2000000010000000011110010100001001010010011011111110111010111112
2000000000000000001100000000000111111011111110101111001110110112
2000000000010001100110000010000000011011110001111101011110111112
2000000000000000011110000111111010101111001101101110111110111112
2000000000000000100000000101101101000010010101110111111110011112
2000000000000101000000000000101010111001111000010011111110110112
2000000000000000000110000011111101010001111011011111110110111112
2000000000001010011010111111111100011101011001111100111110111112
2000000000100000000000010010011001001011010111111111110100111112
2000000000001011000010100111111111111111001111011110101110011102
2001000000010010001010000010000110110111011011111101110110111112
2000100010010011000001010010011010001001011111101100111110111112
2001000000000101000000010110110110110010111011011111011110011112
2000000000001000000000110011111101010101001111111101011110110112
2000001010000000001010010001110010000101110010001111101110111112
2000000001000001000001111110001101011111011000101111011110111112
2000010000000000111010100111100110110111011110111011010110111112
2000000010000001010100000110111101100010101001011011101010011112
2000000000000001101100100100110001011101000001101111110100111112
2000010000000001000000011101000110110011111111100110111110111112
2000000000000010001110110110101010111111000011101011111110111112
2000000101000000000001000110101011111000101111010111110110111112
2000000100000010000010011010001001101011010111111111101100111112
2000000000000001000001100101001001100010110110011110111110111012
2000000000000001010010010100011100010111111111011011111110111112
2000000010000100110000000011001011110101101001111111111110111112
2000000000001000000001010010101101011111111101000111111110110112
2000000000000000000010010001110101010011111100010110111110111112
2010000010010001100011010100101001001100111110101100111110111112
2000000000110011000101001101100111101100001010101111111110111112
2000001000001001100101011011100101000110101101010110111110111012
2000000000000000010101110100101010110111111011100111111110111102
2000001100000010001111011100011001000101111101111111111110111112
2001010000000010010001000100010001010010011100010111101110111012
2000000000000000000000010101010011100001011111111111101110111112
2000010000000000000001011000010101110101000111100111111110111112
2000000010001000011100110110110000100011110000111011011110111112
2000000000000000000101110000011011100011111011011111011100111112
2000000000010001001001100010011010010011011000111111111110111112
2000000000000000101000000010100000011100101110101111111110101112
2100000000100000000010000001111100110000101011100110111110001112
2000000001000010010100011011100001100001001011111010110010111112
2000000010000000001001001101111010111101011110001110100110111112
2000000001000000001010000000001111001101111011001101111110011112
2000001000000010001011110000100100100110001101011011010110111112
2000000000000001000000010110100101010011000111101111110110111112
2000000010000000000110100111011000010100011110011010111110101112
2000000000000100011110000011110100110111111100101101111110111112
2000000000001100001001101010100101111001100111101111111100111112
2000000110101110000000101000100100000101111111111111111110111112
2000000000001010100100000011011000101111010010101011101110111112
2000000001000001101010000110000111101101111011111111110110111112
2010000000000001010100001001101101001010101101101111111110111112
2000000000010100000011001000001110101100011101011110010010111112
2000000000000010010000000101001110101101010101101101111110111112
2000000001010100100110000000001100000101001111111111110110111112
2010000000100110000100000001111000111110111111101101101110111112
2000000100001000010000001000111110000011111111110111111110011112
2000000000110101010000010100110100111111000111101111111110111112
2001001000010001000000100001000010111011010010000111010110011112
2000000000010000000001010111100000111101110101111101111110111112
2000001000010000010001000111010111100100110111101111010110111112
2000000000001100100000000010000101001101100111110101111110011112
2000000001001000101001000110010011111111011011111111011110111112
2000000000001100111110101000000101101011011100111101011110111112
2000000000010001000010111011111100011001100011010001101110111112
2000000000110000001000100001111001111110111110111110110110001102
2000000000100000000011011010000111111101111110010110111010111112
2000011000101011100010010100110100011001110111110001111010011112
2000000000000000111000011100100111010000111100101111111110111112
2000000000110110110010010000111000010000110101110111111110111112
2000000000100000011101100000001111101011010010111111111110101102
2000000000000010010010001111100010010010101111011011111110110112
2000000010100000000101000100101000101000011100111011011110111112
2000000000001000010000101110011111010111110011001101111110111112
2000000010000000011000010011011001001111111111111111111110100112
2000000000000001100000100101000101011011111110111111101110110112
2000010001000010100001011000011111011111110011101111111110111102
2001000000000001000000001010000111001010110111101111001110111112
2000000000000010000100000001100110011111111111001111111110111112
2000000100000000000010100101100101100101111011011001011110111112
2000000000000101011001101111010101001010111111001001111110111112
2000000000010101101011101001111101100111101111011111111100011112
2000000000100001100001000101010011001000010111011111111110101112
2000000000000100101000000000000010011101011011100110111100011112
2001000001000000000000010111001001011001111110011011111110111112
2000001001001010000001001000111100101101111010111111111110111112
2000000100000100100001101001011110001110101111101110111110111112
2000000000000000001101011101000000101101101110011110111110111112
2000000101000101110100100000010100001010101011011111111100011112
2010001000100001000101000101111100001101111011101111101110111112
2000001001001100100001100100000111100001011111101010111110111112
2000000000000100111100000000100101100111111000111111111110111112
2000000000000100010000100000000011000000101101111011111010111112
2000000000010100010000000101000110000111011010110111111010111112
2000000000001001001010010100111110101101001011010110111110111112
2000000000001100001001000000101101101000111111111101111110111112
2000000000000000010001011000010010001011101011011111111110111112
2000000000010100000001001010000011010101010100101011110110000112
2000000000000100000000001000111100011111001101111101111110111012
2000000000110000000001111000001011010000101111011110111100111112
2000000001100100001111111011000101010111000001011011111010111112
2000000000000000000000001101100100101110110011100111111110011112
2000101000001000100000001110000110111110011111110111111110111112
2000000000110011010100001110011000000111110000111111110110001112
2000000000000100001011000010000101111001111111101011011110111112
2000000000000010110011001101110001011101101011111111111110111112
2001001000001001000100001010100011011111111111100111111110111112
2000000001000000011100111000110101101110110110111110111110111112
2000000000001000010001000010011001001010001101101111011110101112
2000000000010000001000010110100010011010011111111111111110111112
2100000000000100001111000011010101010100011101111111111110111112
2001000101000010100001001100100100000110110001011101101010111112
2000000000000010001000110101000011100011101110001111111110101112
2000000000000000100101001111100001001010101010011111111100111112
2000000001100000100000101001101001010111110011100111111110111112
2000000000000100100000001010001111001010001101101111011110110112
2000000000100100001001100000111111110111110110011111111110111112
2000001000000000011000011000000111010110011001010111011110111112
2000000000101000010100000010001101011011111001111101111110111112
2000000000000100000000001011100010011111001001111101110110111112
2000000000001000000000000001011101011011110010111101101110111112
2000100000000000000000000100101111011011010111101111011010111112
2000010000010000000000011101010100110000000111111101011110111012
2000000110100100000000000100110010000101001000110111111110101112
2100000000010001000001100000001011111110110001101111111110011112
2000000100001000000100000000101100001011101101110111111110101112
2100000000001000000000011010100100110111001111111100110100111112
2001000000100001000100000110001110101101111101101010111110111112
2000100000001011001000001010011010001011111001111111111100111112
2000000010011000000000001110011101110010111101111011111110111012
2000000000000101000010000010010011101001111100011111111110111012
2000000000001111000101101110101011011100010011101111011110111112
2000001100001010000001001101010110011011010111101101111110111112
2000000000100100001010010010000100011001000111111111111110111112
2000000010000000010010010100001000001010101111011110011110111112
2000001000001010010000101000001111001110011110011011101010111112
2000000000001100010010010110100111001101110100111011001110111112
2000100010100000011000100101010100001001000111011101101110111112
2000000000000011000010010010001111011001110101010111111110111112
2000001000000001001100000101010000101101111011101000101110111112
2000001000000000001110001001011101000100100110011100111100111102
2000001100010001000100011001101010001101110011101111101110111112
2000000000000001000000100110010100000011111110001111110110111112
2100000000011010000010010111111110110101101111111111111110011112
2000000000010000011001100010000111011101010101111101011110111112
2000000000000101110100101100001010101011110111111101011110101112
2000000000000000000111000111000111110001000111101111101110111112
2000000000000001000100001001100011110011011110110011111110111112
2000000000000000010000000110000010100010011110110101111110111112
2000010000001110111000101010000000011101111110011011111110101112
2000000000000000000101000011011010110110111100101111001110100112
2000000000100001110000000101000101010011001111011101111010011112
2000000000010010000000010010011100110110001111100111111110101112
2000000100010011010000100101110001000111101010010111101110111112
2000001010000001010010000001111001000010101101011101111110011112
2000100000010100000000110111101110111110111100110000101110111112
2000010000000000001100000000000001111011011010111111100100111112
2000000000000000001000000111011000101101011111111101111110111112
2000000000000100000110000110101001010001001101110011111100111112
2000000000000000011010110000000100100011111110111110111110111102
2000000000000000010110101010001111010011111111111111011100111112
2000010000010000000001100001100011000001010101111110011110111112
2000000000000001101101000101101101010101111111101100111010111102
2000000000000000000001110101101101011001001110110100111110111112
2000000000011000100010000111001110111001010111001001110110111112
2000000000100000110011110100001010010111011010101111111110111112
2000001001000000000000010100101010110110111111110101110110111112
2000000000000000010000101110010000101100101110110111111110101112
2000000100101010000000010100110001011110111111010111111110111112
2000000001000000100011100010010101011011010111111011110110111112
2000000000000000000100100110100011000111111101111110111110111112
2000000001100000000001100001010101011011001111011011111010110112
2010000010000000000000001100111001011001010011011101111110011112
2000000000000100000101011000001110110011111010011001101110111112
2000000000001110110000110011011010000110111001111111101110111112
2000100001011100000000110101010011001011110001111101110010111112
2010000100000100000010000001110011101001111010111111111110111112
2000000000100000001001100110011010100101100011111111101110111112
2000001010000000000100101101001001110111100000111111111010011112
2000000000000000001001000101010101011101001111001111111000111112
2000011000000000100100001000010101111100111111011111101000111012
2000001100000010000010011110000110101101011010101111111110110012
2000010000000000000000100000111011010101110110111111111110111112
2000000000001100000100000001010110111011111111011111011110011112
2000001000100100010000011001010111101010001011110011011110111112
2000000000100000101101110001111011001001011100101111111110101112
2000010000001011100111000010011010001110111111101010111110111112
2000000001001010000110100001100001011101111011110111111110111112
2000010000000110001001110000111111111100110111101111110010111112
2000000000000000101101011011100101110010010111101001111100111112
2010000000001001101110001000000001110111100011111111111010111112
2000000000000010001010001000111111011111111100111111111110111112
2000001000000000000110100011100000011100011111111111111110111012
2000000000101000111001100100001111101110101111100111111100111112
2000010010001000100111011000000111001100001111011011011110111112
2000000000000000101010110111000110111111111011111111111110111112
2000000000100000001001111000100101001111010010110111111110111112
2000000000010000010111010011111010000110111101111101101110111112
2000000000000000100001100010110110101110111011001111111110111112
2000010001100000001110011010100100101101111111011111001110111112
2000000001100010111100011100011100010010110101110111111110111112
2000000000010000000010011000011111100010111111101101101110111112
2000010000100010110110101000000010010011111111111111011110111112
2000000000100000001100000111001100010000111101001101011110110102
2000000001110001001110000110111001111101110000111100111110111112
2000000001000110000001011101001010111010110001010010011100111112
2000000001010100000111011111000011101110101111110001101110010112
2000000000100100000111110110001010111100110101100100111100111112
2000000000001000000000000000101011110111010011001101111110111112
2000000000011000110100011010011101011101011000001111110110111112
2000000010000010110000011001001110111011000010011111100110111112
2000000010011001000000011011111001111011111111111111101110111112
2000000000000000011100000011001010101111111001001111101110111112
2001001000000001000000010010010001111011110011111110111110111112
2000000000000001010000101011000110110000011111110111110110111112
2000000000000110011011011000011100001011010111111010110110111112
2000000001100010101000011001010010100110111111101111111110111112
2001000000010000011000001111001100111101110111011011101010101012
2000000010000001001001010001111000001001011001011011111110110112
2000101000000000001100000000111100100011010111101111111110111112
2000000010000000000111001000000100010101001011110011111010111112
2000000000000100000010001110011010111111110101100011001110111112
2222222222222222222222222222222222222222222222222222222222222222
