0|119.617
1|119.752
2|119.514
3|119.666
4|119.811
5|118.135
6|119.094
7|119.835
8|117.686
9|119.583
10|119.056
11|119.594
12|118.852
13|119.805
14|119.841
15|119.579
16|119.44
17|117.086
18|120.036
19|119.819
20|120.32
21|119.765
22|119.489
23|119.353
24|119.316
25|118.58
26|118.885
27|119.463
28|119.921
29|119.576
30|117.452
31|119.564
32|117.224
33|118.864
34|119.927
35|119.679
36|119.48
37|120.366
38|119.459
39|119.657
40|118.331
41|117.84
42|118.666
43|119.854
44|119.285
45|119.643
46|120.132
47|119.801
48|119.423
49|118.502
50|118.745
51|118.807
52|119.386
53|117.986
54|118.922
55|118.666
56|116.965
57|119.607
58|119.453
59|119.5
60|119.245
61|120.011
62|119.487
63|119.977
64|119.238
65|119.627
66|120.08
67|117.575
68|119.35
69|120.288
70|119.814
71|120.191
72|119.271
73|118.046
74|119.603
75|118.599
76|118.826
77|120.328
78|119.554
79|120.172
80|118.794
81|119.61
82|118.547
83|119.861
84|120.217
85|119.802
86|119.838
87|117.866
88|119.246
89|118.926
90|120.234
91|119.756
92|119.733
93|119.673
94|119.639
95|119.749
96|118.916
97|116.117
98|119.649
99|119.931
100|119.752
101|119.1
102|119.451
103|118.988
104|119.685
105|119.144
106|118.948
107|119.663
108|119.649
109|118.929
110|120.086
111|119.719
112|120.414
113|118.408
114|119.995
115|117.947
116|120.215
117|119.096
118|119.702
119|119.05
120|117.757
121|119.447
122|119.349
123|119.386
124|118.06
125|118.214
126|118.033
127|118.262
128|119.674
129|117.68
130|118.496
131|117.844
132|118.474
133|120.065
134|119.753
135|117.244
136|118.099
137|117.24
138|118.342
139|117.77
140|119.732
141|119.577
142|119.867
143|119.513
144|119.443
145|120.309
146|119.62
147|119.861
148|118.67
149|118.773
150|120.236
151|118.697
152|117.248
153|119.111
154|119.624
155|119.97
156|119.9
157|119.456
158|120.305
159|118.287
160|119.736
161|119.242
162|119.786
163|117.815
164|119.576
165|118.343
166|119.58
167|119.736
168|117.242
169|119.793
170|120.237
171|118.833
172|119.52
173|119.54
174|119.427
175|119.5
176|118.916
177|119.739
178|119.326
179|119.554
180|119.075
181|120.133
182|120.019
183|119.894
184|120.049
185|119.895
186|120.042
187|118.317
188|119.966
189|119.844
190|120.009
191|119.409
192|120.44
193|118.632
194|119.509
195|119.409
196|118.981
197|119.647
198|118.039
199|120.296
200|119.927
201|119.845
202|120.191
203|118.747
204|119.479
205|119.604
206|116.436
207|119.481
208|119.551
209|119.923
210|116.135
211|119.854
212|118.648
213|118.799
214|119.278
215|119.569
216|119.557
217|120.498
218|120.006
219|118.09
220|117.229
221|119.793
222|119.199
223|118.395
224|118.217
225|119.35
226|119.855
227|118.963
228|119.946
229|119.3
230|119.167
231|120.025
232|119.471
233|118.378
234|118.194
235|118.663
236|119.136
237|119.57
238|119.664
239|119.828
240|119.369
241|119.632
242|119.503
243|120.42
244|119.019
245|119.98
246|119.191
247|119.64
248|119.574
249|119.789
250|119.815
251|119.798
252|119.662
253|119.474
254|119.604
255|116.939
256|119.427
257|119.729
258|116.368
259|119.333
260|118.521
261|119.837
262|118.865
263|120.449
264|119.479
265|119.607
266|118.028
267|119.62
268|119.386
269|119.778
270|118.685
271|120.422
272|119.952
273|120.026
274|120.133
275|120.505
276|119.626
277|119.521
278|118.361
279|120.032
280|119.383
281|119.802
282|119.523
283|119.756
284|118.523
285|119.571
286|119.288
287|119.967
288|119.816
289|119.934
290|119.654
291|119.835
292|117.684
293|119.766
294|118.592
295|120.301
296|119.601
297|119.782
298|119.949
299|118.932
300|119.779
301|119.752
302|118.607
303|119.738
304|119.622
305|118.724
306|118.429
307|116.995
308|117.852
309|118.304
310|119.396
311|119.436
312|119.123
313|119.184
314|119.927
315|118.538
316|118.416
317|117.513
318|119.312
319|115.946
320|119.709
321|119.979
322|118.721
323|119.194
324|119.703
325|120.15
326|116.135
327|118.85
328|120.026
329|119.011
330|120.335
331|119.834
332|118.398
333|117.327
334|119.755
335|117.679
336|119.313
337|118.471
338|118.95
339|118.377
340|118.164
341|119.32
342|119.214
343|117.21
344|120.379
345|117.727
346|119.386
347|120.166
348|120.386
349|120.189
350|119.433
351|119.33
352|119.977
353|118.886
354|119.726
355|119.396
356|119.663
357|119.709
358|118.304
359|118.497
360|119.62
361|119.419
362|118.417
363|119.359
364|118.797
365|119.717
366|118.871
367|118.623
368|119.382
369|117.224
370|118.956
371|119.3
372|119.834
373|117.901
374|119.706
375|117.655
376|119.476
377|118.252
378|118.994
379|116.713
380|119.251
381|119.36
382|120.383
383|119.514
384|118.065
385|119.19
386|118.827
387|119.695
388|119.604
389|119.303
390|119.867
391|119.622
392|119.778
393|119.61
394|119.831
395|118.905
396|118.875
397|119.536
398|120.314
399|119.128
400|119.779
401|118.679
402|118.37
403|119.534
404|119.259
405|119.6
406|119.577
407|118.544
408|120.482
409|119.86
410|119.663
411|118.167
412|119.906
413|119.154
414|119.693
415|119.622
416|119.593
417|120.333
418|119.926
419|119.911
420|119.593
421|119.61
422|118.321
423|119.828
424|119.188
425|119.7
426|119.828
427|118.866
428|120.35
429|119.906
430|119.819
431|119.649
432|120.011
433|119.864
434|117.698
435|119.404
436|117.962
437|118.762
438|118.587
439|120.166
440|118.706
441|119.927
442|120.083
443|119.707
444|119.898
445|119.748
446|119.055
447|120.418
448|119.346
449|119.908
450|119.37
451|120.435
452|119.609
453|119.633
454|119.51
455|119.699
456|119.59
457|118.73
458|119.004
459|120.024
460|119.821
461|118.357
462|119.387
463|120.208
464|120
465|118.49
466|119.561
467|118.666
468|118.818
469|119.493
470|118.879
471|120.175
472|119.295
473|119.755
474|119.44
475|119.999
476|118.074
477|118.497
478|118.866
479|119.775
480|116.975
481|118.053
482|116.814
483|118.879
484|119.009
485|119.914
486|116.467
487|118.583
488|119.19
489|115.976
490|118.382
491|118.885
492|119.273
493|120.197
494|119.667
495|119.177
496|119.812
497|118.635
498|118.943
499|119.087
500|120.171
501|119.617
502|119.623
503|119.466
504|119.114
505|120.077
506|120.148
507|119.992
508|119.616
509|120.465
510|118.95
511|119.814
512|118.916
513|118.994
514|119.145
515|119.749
516|119.541
517|118.772
518|119.447
519|118.689
520|119.009
521|120.311
522|119.63
523|119.649
524|119.766
525|119.812
526|120.136
527|119.406
528|120.275
529|117.084
530|119.414
531|120
532|119.45
533|118.544
534|119.75
535|119.008
536|119.454
537|120.343
538|119.834
539|119.765
540|119.021
541|119.365
542|119.479
543|119.775
544|119.676
545|120.466
546|119.921
547|119.839
548|119.556
549|120.233
550|119.735
551|116.019
552|119.647
553|119.624
554|119.848
555|117.743
556|119.755
557|117.78
558|118.676
559|118.443
560|119.64
561|120.09
562|119.633
563|119.903
564|120.492
565|118.797
566|118.793
567|119.288
568|119.079
569|119.664
570|119.308
571|120.029
572|119.877
573|119.523
574|118.751
575|119.255
576|120.218
577|119.507
578|119.719
579|119.636
580|119.888
581|116.374
582|119.874
583|119.419
584|119.7
585|119.278
586|119.969
587|119.226
588|119.523
589|117.824
590|119.849
591|119.281
592|119.818
593|119.466
594|118.96
595|119.888
596|119.356
597|119.936
598|119.231
599|120.022
600|118.551
601|117.804
602|118.561
603|117.745
604|119.603
605|119.509
606|119.663
607|118.196
608|116.958
609|118.802
610|117.957
611|117.192
612|119.895
613|119.574
614|119.697
615|119.73
616|119.726
617|118.852
618|119.517
619|119.5
620|118.984
621|119.504
622|119.19
623|119.489
624|119.37
625|119.881
626|119.806
627|118.755
628|119.039
629|119.613
630|119.516
631|119.633
632|118.685
633|118.041
634|119.422
635|118.578
636|120.504
637|120.093
638|119.715
639|118.444
640|118.149
641|119.851
642|118.05
643|118.905
644|119.765
645|120.15
646|119.74
647|118.642
648|119.67
649|119.373
650|120.262
651|119.752
652|119.904
653|119.357
654|119.921
655|118.91
656|119.91
657|119.969
658|118.46
659|117.516
660|118.087
661|120.191
662|120.372
663|117.876
664|119.138
665|119.394
666|117.689
667|119.133
668|118.627
669|118.315
670|119.792
671|119.976
672|119.87
673|118.356
674|119.573
675|119.685
676|119.636
677|119.844
678|119.917
679|119.736
680|118.852
681|120.169
682|119.799
683|119.69
684|120.111
685|119.966
686|116.697
687|118.149
688|119.292
689|119.4
690|119.224
691|120.14
692|118.086
693|118.83
694|119.067
695|119.642
696|119.664
697|118.875
698|119.145
699|119.634
700|119.251
701|118.523
702|119.857
703|119.436
704|120
705|120.404
706|119.357
707|119.644
708|119.031
709|119.433
710|120.025
711|119.523
712|119.814
713|119.446
714|119.593
715|117.21
716|119.897
717|119.639
718|118.623
719|119.861
720|119.004
721|120
722|117.622
723|119.53
724|118.656
725|117.472
726|119.251
727|119.791
728|119.752
729|119.599
730|119.847
731|119.865
732|119.612
733|118.12
734|120.061
735|119.837
736|118.493
737|119.639
738|119.783
739|119.369
740|118.439
741|118.937
742|118.44
743|118.527
744|117.926
745|118.464
746|120.114
747|119.725
748|119.479
749|119.252
750|119.46
751|119.937
752|119.417
753|118.676
754|119.72
755|118.566
756|119.666
757|119.626
758|118.545
759|119.4
760|119.913
761|118.335
762|119.289
763|119.614
764|120.109
765|119.288
766|119.456
767|119.679
768|118.076
769|119.921
770|119.654
771|119.695
772|118.6
773|120.437
774|118.668
775|120.412
776|118.483
777|119.815
778|119.449
779|119.563
780|120.024
781|117.248
782|118.984
783|119.067
784|119.386
785|117.317
786|118.831
787|118.096
788|119.636
789|118.185
790|118.579
791|119.382
792|114.7
793|119.607
794|120.269
795|119.437
796|119.908
797|119.365
798|120.162
799|118.903
800|120.231
801|119.519
802|119.181
803|118.284
804|119.066
805|117.143
806|119.397
807|117.944
808|119.513
809|119.54
810|118.273
811|117.494
812|119.732
813|120.071
814|119.716
815|120.091
816|119.56
817|119.373
818|119.423
819|120.078
820|119.614
821|119.489
822|119.703
823|119.075
824|119.433
825|118.751
826|118.416
827|119.553
828|119.569
829|119.012
830|118.427
831|119.424
832|119.16
833|119.336
834|118.184
835|118.958
836|120.38
837|119.032
838|118.63
839|119.524
840|120.194
841|118.865
842|119.218
843|118.927
844|119.707
845|119.926
846|119.783
847|119.474
848|119.634
849|118.637
850|118.547
851|119.059
852|119.662
853|120.169
854|119.546
855|119.467
856|118.329
857|118.364
858|119.537
859|119.541
860|119.629
861|119.677
862|119.372
863|119.429
864|120.446
865|119.235
866|119.988
867|120.24
868|118.944
869|116.801
870|120.28
871|119.88
872|118.604
873|119.539
874|119.601
875|118.52
876|119.752
877|118.499
878|119.9
879|118.763
880|117.754
881|118.879
882|119.64
883|119.686
884|118.96
885|118.895
886|118.618
887|119.716
888|115.977
889|119.941
890|119.593
891|120.466
892|118.235
893|118.251
894|118.994
895|119.875
896|120.057
897|119.614
898|117.045
899|120.334
900|119.963
901|118.8
902|118.713
903|119.333
904|119.766
905|119.649
906|118.703
907|119.695
908|119.712
909|119.471
910|118.683
911|118.163
912|118.763
913|119.703
914|119.199
915|119.489
916|119.359
917|119.772
918|118.36
919|120.146
920|119.534
921|119.136
922|119.484
923|118.818
924|117.747
925|118.913
926|120.163
927|118.101
928|119.54
929|119.816
930|118.742
931|119.31
932|119.147
933|119.792
934|115.039
935|119.14
936|119.295
937|119.772
938|119.229
939|120.449
940|118.014
941|120.392
942|119.696
943|119.75
944|118.809
945|117.583
946|118.617
947|119.916
948|119.165
949|120.38
950|118.792
951|114.862
952|118.817
953|118.855
954|119.16
955|119.413
956|119.276
957|119.802
958|119.082
959|118.318
960|120.213
961|119.87
962|119.676
963|119.263
964|119.652
965|119.685
966|120.129
967|119.798
968|109.179
969|120.446
970|120.256
971|119.995
972|119.715
973|120.43
974|119.357
975|119.844
976|119.69
977|119.982
978|119.597
979|118.46
980|118.662
981|119.679
982|119.917
983|118.73
984|118.906
985|117.184
986|119.911
987|118.18
988|120.223
989|119.826
990|119.762
991|119.888
992|119.719
993|119.791
994|120.334
995|117.073
996|119.804
997|118.513
998|117.968
999|119.811
1000|118.783
1001|118.703
1002|119.268
1003|118.848
1004|119.816
1005|119.933
1006|119.901
1007|119.407
1008|119.646
1009|119.756
1010|120.122
1011|118.051
1012|119.626
1013|119.486
1014|119.647
1015|119.114
1016|119.818
1017|118.582
1018|119.692
1019|117.852
1020|118.924
1021|118.24
1022|120.075
1023|119.878
1024|119.587
1025|119.11
1026|119.702
1027|118.317
1028|119.962
1029|118.785
1030|117.084
1031|119.603
1032|120.362
1033|119.653
1034|119.574
1035|120.215
1036|118.854
1037|118.871
1038|119.554
1039|119.63
1040|118.734
1041|119.449
1042|119.65
1043|118.269
1044|119.733
1045|118.014
1046|119.697
1047|119.191
1048|119.52
1049|118.346
1050|118.637
1051|119.474
1052|119.725
1053|117.815
1054|119.756
1055|118.954
1056|119.735
1057|119.191
1058|119.766
1059|119.449
1060|120.375
1061|118.883
1062|119.696
1063|118.387
1064|117.488
1065|119.656
1066|119.487
1067|119.394
1068|119.632
1069|120.07
1070|120.204
1071|119.802
1072|119.934
1073|119.643
1074|120.025
1075|117.299
1076|119.4
1077|119.214
1078|119.64
1079|117.671
1080|119.46
1081|119.357
1082|119.414
1083|120.045
1084|119.386
1085|117.905
1086|119.748
1087|119.1
1088|119.363
1089|119.891
1090|118.03
1091|118.504
1092|119.941
1093|118.67
1094|119.456
1095|119.64
1096|118.957
1097|119.825
1098|115.96
1099|119.67
1100|119.537
1101|119.716
1102|119.235
1103|116.717
1104|119.772
1105|119.626
1106|119.546
1107|119.041
1108|119.923
1109|119.238
1110|119.109
1111|120.124
1112|119.776
1113|119.911
1114|119.805
1115|117.855
1116|118.624
1117|119.629
1118|119.228
1119|120.221
1120|119.599
1121|119.771
1122|118.378
1123|118.956
1124|119.911
1125|119.729
1126|119.278
1127|120.431
1128|118.932
1129|120.508
1130|119.416
1131|119.759
1132|119.053
1133|119.657
1134|119.133
1135|119.766
1136|118.163
1137|115.172
1138|118.524
1139|119.842
1140|119.967
1141|119.725
1142|119.106
1143|119.603
1144|119.947
1145|119.594
1146|119.58
1147|120.168
1148|119.593
1149|119.387
1150|118.827
1151|119.507
1152|119.211
1153|119.91
1154|114.94
1155|119.511
1156|119.491
1157|119.392
1158|118.047
1159|119.609
1160|119.473
1161|118.259
1162|119.437
1163|119.561
1164|119.561
1165|119.46
1166|119.416
1167|119.786
1168|120.016
1169|119.939
1170|119.828
1171|120.421
1172|118.984
1173|120.305
1174|119.58
1175|119.103
1176|118.858
1177|119.606
1178|119.544
1179|118.528
1180|120.117
1181|119.286
1182|119.253
1183|120.376
1184|119.466
1185|118.903
1186|120.038
1187|119.569
1188|119.423
1189|119.891
1190|118.469
1191|119.748
1192|119.419
1193|118.754
1194|117.972
1195|117.775
1196|119.594
1197|119.3
1198|118.761
1199|119.726
1200|118.594
1201|119.717
1202|118.366
1203|120.011
1204|119.412
1205|118.761
1206|119.9
1207|119.643
1208|120.362
1209|119.325
1210|119.743
1211|119.025
1212|119.936
1213|119.573
1214|119.865
1215|119.594
1216|118.827
1217|119.92
1218|118.742
1219|119.676
1220|119.221
1221|119.673
1222|119.55
1223|118.845
1224|117.461
1225|119.493
1226|119.481
1227|118.984
1228|120.406
1229|117.73
1230|119.619
1231|119.523
1232|119.453
1233|116.492
1234|119.383
1235|119.838
1236|119.145
1237|119.603
1238|119.461
1239|119.374
1240|119.791
1241|119.616
1242|118.331
1243|117.082
1244|119.702
1245|119.48
1246|118.827
1247|120.013
1248|119.832
1249|119.706
1250|117.701
1251|119.477
1252|118.63
1253|119.626
1254|118.988
1255|119.952
1256|119.677
1257|119.985
1258|120.266
1259|119.168
1260|119.557
1261|120.002
1262|120.145
1263|119.627
1264|120.21
1265|117.52
1266|119.785
1267|118.634
1268|119.739
1269|119.61
1270|120.038
1271|119.842
1272|119.904
1273|118.794
1274|118.807
1275|119.58
1276|120.266
1277|119.443
1278|119.976
1279|117.054
1280|119.302
1281|119.529
1282|118.111
1283|119.973
1284|119.481
1285|119.507
1286|119.337
1287|119.55
1288|119.197
1289|119.603
1290|119.259
1291|118.29
1292|119.412
1293|118.635
1294|119.507
1295|119.356
1296|119.567
1297|119.399
1298|119.065
1299|115.006
1300|119.366
1301|118.265
1302|119.735
1303|119.009
1304|119.712
1305|118.621
1306|118.917
1307|119.54
1308|120.311
1309|119.622
1310|120.364
1311|119.576
1312|118.895
1313|119.603
1314|120.276
1315|118.898
1316|118.556
1317|118.874
1318|118.406
1319|118.922
1320|119.749
1321|119.543
1322|119.312
1323|120.256
1324|119.627
1325|119.759
1326|120.389
1327|119.705
1328|119.914
1329|117.549
1330|119.019
1331|119.689
1332|118.617
1333|119.402
1334|116.649
1335|119.191
1336|120.531
1337|119.08
1338|119.9
1339|119.693
1340|118.654
1341|120.412
1342|118.948
1343|119.722
1344|119.07
1345|118.896
1346|119.831
1347|119.66
1348|119.931
1349|119.593
1350|120.101
1351|120.347
1352|119.887
1353|119.779
1354|119.871
1355|119.89
1356|119.779
1357|120.178
1358|118.847
1359|119.466
1360|119.613
1361|120.385
1362|116.761
1363|119.531
1364|119.51
1365|118.99
1366|119.295
1367|119.07
1368|119.232
1369|119.821
1370|119.516
1371|119.573
1372|118.793
1373|118.851
1374|119.483
1375|117.919
1376|119.07
1377|119.69
1378|119.39
1379|118.625
1380|115.73
1381|119.916
1382|118.971
1383|118.899
1384|120.032
1385|120.132
1386|118.294
1387|119.609
1388|119.526
1389|119.363
1390|118.213
1391|117.709
1392|119.114
1393|119.499
1394|119.374
1395|119.43
1396|118.182
1397|119.48
1398|119.596
1399|119.402
1400|119.619
1401|118.561
1402|119.49
1403|119.726
1404|120.029
1405|119.696
1406|118.773
1407|119.586
1408|117.451
1409|118.838
1410|119.73
1411|118.708
1412|118.745
1413|117.823
1414|119.521
1415|119.212
1416|119.7
1417|117.874
1418|118.72
1419|119.686
1420|119.53
1421|117.577
1422|119.796
1423|119.096
1424|119.362
1425|118.448
1426|119.157
1427|117.559
1428|119.13
1429|119.614
1430|120.305
1431|118.613
1432|119.72
1433|117.911
1434|114.654
1435|118.308
1436|120.217
1437|115.786
1438|118.391
1439|118.519
1440|119.268
1441|118.245
1442|119.789
1443|118.128
1444|119.674
1445|118.762
1446|119.103
1447|117.404
1448|118.932
1449|118.366
1450|118.802
1451|118.838
1452|119.786
1453|119.49
1454|119.742
1455|119.476
1456|119.008
1457|119.127
1458|119.86
1459|119.111
1460|117.554
1461|120.015
1462|119.878
1463|117.654
1464|119.815
1465|118.115
1466|119.814
1467|119.946
1468|119.477
1469|120.071
1470|119.907
1471|117.206
1472|119.976
1473|119.759
1474|120.376
1475|119.325
1476|119.719
1477|118.866
1478|120.265
1479|118.108
1480|118.91
1481|119.7
1482|119.893
1483|120.021
1484|119.982
1485|119.596
1486|119.646
1487|119.449
1488|119.98
1489|118.422
1490|119.814
1491|119.771
1492|119.687
1493|119.188
1494|119.601
1495|119.506
1496|119.868
1497|119.383
1498|120.156
1499|120.083
1500|119.801
1501|119.483
1502|119.224
1503|119.432
1504|119.29
1505|113.09
1506|119.733
1507|119.016
1508|119.12
1509|119.543
1510|116.962
1511|119.148
1512|120.133
1513|119.627
1514|119.779
1515|119.374
1516|120.515
1517|118.18
1518|115.218
1519|119.541
1520|118.864
1521|118.364
1522|119.372
1523|119.561
1524|118.114
1525|118.157
1526|119.383
1527|119.537
1528|119.616
1529|119.255
1530|118.875
1531|118.696
1532|119.802
1533|119.082
1534|119.789
1535|119.775
1536|119.89
1537|118.971
1538|119.507
1539|117.542
1540|119.609
1541|118.957
1542|120.333
1543|119.504
1544|119.953
1545|118.826
1546|114.019
1547|119.826
1548|117.074
1549|119.828
1550|119.97
1551|120.502
1552|118.412
1553|116.637
1554|119.409
1555|119.883
1556|119.033
1557|119.554
1558|119.377
1559|118.632
1560|119.71
1561|119.424
1562|120.039
1563|119.75
1564|119.382
1565|119.561
1566|119.086
1567|119.779
1568|117.295
1569|118.913
1570|119.18
1571|119.509
1572|118.576
1573|120.038
1574|119.087
1575|118.405
1576|118.455
1577|120
1578|118.646
1579|119.706
1580|120.132
1581|119.871
1582|119.336
1583|119.903
1584|119.808
1585|119.855
1586|119.383
1587|118.434
1588|119.416
1589|119.221
1590|119.717
1591|119.776
1592|119.543
1593|119.895
1594|120.188
1595|119.43
1596|119.96
1597|120.36
1598|119.258
1599|119.484
1600|119.043
1601|119.239
1602|119.235
1603|119.973
1604|118.786
1605|119.62
1606|119.394
1607|119.875
1608|120.133
1609|119.943
1610|119.687
1611|119.144
1612|119.362
1613|119.977
1614|118.479
1615|120.53
1616|117.77
1617|118.917
1618|119.456
1619|119.736
1620|117.95
1621|118.492
1622|119.384
1623|115.709
1624|119.768
1625|118.809
1626|120.142
1627|118.799
1628|119.722
1629|119.31
1630|119.352
1631|119.576
1632|119.432
1633|120.188
1634|119.697
1635|119.963
1636|120.363
1637|118.941
1638|112.395
1639|119.579
1640|119.703
1641|119.947
1642|119.242
1643|118.864
1644|119.603
1645|119.839
1646|118.645
1647|120.058
1648|117.902
1649|120.392
1650|119.153
1651|119.939
1652|119.908
1653|119.964
1654|119.822
1655|117.484
1656|119.09
1657|119.326
1658|119.739
1659|120.285
1660|119.265
1661|119.539
1662|119.725
1663|120.035
1664|119.642
1665|120.022
1666|119.966
1667|118.145
1668|120.071
1669|119.479
1670|119.392
1671|119.434
1672|118.855
1673|117.527
1674|118.293
1675|119.616
1676|118.707
1677|119.73
1678|118.478
1679|119.69
1680|118.943
1681|119.62
1682|119.659
1683|120.029
1684|118.565
1685|117.766
1686|119.349
1687|119.273
1688|119.241
1689|119.551
1690|118.745
1691|119.43
1692|119.654
1693|120.016
1694|119.429
1695|117.883
1696|119.957
1697|119.089
1698|118.43
1699|119.511
1700|119.696
1701|120.168
1702|120.308
1703|119.412
1704|120.283
1705|119.437
1706|119.972
1707|119.94
1708|119.372
1709|119.812
1710|119.865
1711|119.799
1712|118.199
1713|118.775
1714|119.649
1715|119.834
1716|119.533
1717|119.636
1718|120.408
1719|118.133
1720|118.907
1721|119.624
1722|120.031
1723|119.212
1724|120.008
1725|118.614
1726|118.927
1727|119.285
1728|120.299
1729|119.178
1730|120.441
1731|119.738
1732|117.874
1733|118.621
1734|120.469
1735|119.566
1736|119.805
1737|119.664
1738|119.521
1739|118.58
1740|119.589
1741|119.569
1742|120.029
1743|119.913
1744|118.817
1745|118.625
1746|119.957
1747|120.241
1748|119.837
1749|119.487
1750|118.806
1751|120.124
1752|119.806
1753|118.439
1754|119.262
1755|118.953
1756|119.379
1757|119.46
1758|117.152
1759|119.426
1760|120.093
1761|120.318
1762|119.259
1763|119.812
1764|119.989
1765|118.802
1766|119.911
1767|118.948
1768|118.838
1769|119.977
1770|119.94
1771|119.897
1772|118.642
1773|119.995
1774|118.778
1775|120.363
1776|119.775
1777|115.549
1778|119.848
1779|119.891
1780|119.887
1781|119.67
1782|119.857
1783|119.726
1784|119.949
1785|119.953
1786|120.044
1787|119.4
1788|120.581
1789|117.412
1790|116.783
1791|119.402
1792|116.928
1793|119.868
1794|117.539
1795|119.617
1796|118.067
1797|119.082
1798|119.897
1799|120.289
1800|117.768
1801|119.474
1802|118.586
1803|117.531
1804|119.513
1805|119.814
1806|119.47
1807|120.182
1808|117.581
1809|119.756
1810|119.477
1811|120.211
1812|119.423
1813|120.389
1814|119.486
1815|119.834
1816|119.005
1817|120.233
1818|119.56
1819|119.001
1820|118.768
1821|119.69
1822|118.662
1823|119.72
1824|116.433
1825|118.349
1826|119.53
1827|119.723
1828|119.758
1829|119.725
1830|119.15
1831|119.796
1832|120.096
1833|120.482
1834|119.916
1835|119.657
1836|119.67
1837|119.791
1838|118.857
1839|119.402
1840|119.489
1841|119.732
1842|118.785
1843|119.685
1844|119.772
1845|119.543
1846|118.443
1847|119.215
1848|120.194
1849|119.484
1850|119.547
1851|119.529
1852|119.632
1853|119.835
1854|119.554
1855|120.054
1856|119.256
1857|118.241
1858|118.919
1859|119.707
1860|118.513
1861|119.567
1862|119.791
1863|119.67
1864|119.466
1865|120.388
1866|119.497
1867|120.317
1868|119.349
1869|119.947
1870|119.504
1871|120.507
1872|119.486
1873|119.604
1874|120.077
1875|120.201
1876|118.479
1877|119.689
1878|120.019
1879|119.567
1880|118.655
1881|118.732
1882|119.424
1883|118.614
1884|119.674
1885|119.345
1886|119.65
1887|119.729
1888|119.735
1889|120.146
1890|119.302
1891|119.653
1892|120.11
1893|120.019
1894|119.929
1895|120.417
1896|117.963
1897|118.8
1898|119.63
1899|118.646
1900|120.168
1901|117.441
1902|118.899
1903|119.763
1904|118.761
1905|118.869
1906|119.829
1907|119.214
1908|119.831
1909|119.707
1910|116.257
1911|118.699
1912|118.583
1913|118.903
1914|118.929
1915|117.254
1916|119.359
1917|115.953
1918|119.865
1919|117.449
1920|119.593
1921|119.782
1922|115.548
1923|119.918
1924|120.211
1925|118.963
1926|119.56
1927|119.444
1928|118.422
1929|118.666
1930|119.629
1931|119.306
1932|119.766
1933|119.376
1934|119.447
1935|119.403
1936|120.402
1937|119.664
1938|118.196
1939|119.779
1940|119.566
1941|119.44
1942|120.197
1943|118.866
1944|119.707
1945|119.41
1946|119.623
1947|118.146
1948|120.447
1949|118.614
1950|119.862
1951|119.944
1952|119.756
1953|119.407
1954|119.746
1955|119.695
1956|119.188
1957|119.076
1958|119.194
1959|119.591
1960|119.775
1961|119.52
1962|117.128
1963|119.569
1964|120.1
1965|119.703
1966|119.639
1967|119.636
1968|119.959
1969|119.603
1970|119.72
1971|119.434
1972|120.414
1973|119.412
1974|119.644
1975|119.531
1976|119.91
1977|119.865
1978|119.887
1979|119.319
1980|120.041
1981|119.62
1982|119.356
1983|119.732
1984|119.937
1985|118.977
1986|119.924
1987|119.822
1988|119.954
1989|117.897
1990|119.933
1991|119.574
1992|120.204
1993|119.733
1994|119.652
1995|119.581
1996|119.758
1997|119.765
1998|120.544
1999|119.835
2000|120.098
2001|119.669
2002|119.619
2003|120.159
2004|119.587
2005|118.939
2006|120.301
2007|119.589
2008|119.729
2009|117.948
2010|119.682
2011|119.481
2012|119.654
2013|117.575
2014|112.887
2015|119.5
2016|119.972
2017|119.481
2018|119.4
2019|118.756
2020|118.793
2021|119.923
2022|119.41
2023|119.019
2024|119.503
2025|118.464
2026|119.272
2027|119.022
2028|119.426
2029|117.909
2030|120.22
2031|118.818
2032|119.335
2033|118.359
2034|119.966
2035|117.542
2036|118.143
2037|119.62
2038|119.626
2039|117.237
2040|120.028
2041|118.838
2042|117.007
2043|119.95
2044|105.562
2045|120.136
2046|118.728
2047|119.67
2048|119.419
2049|119.715
2050|119.901
2051|119.826
2052|117.818
2053|119.407
2054|119.477
2055|119.89
2056|119.124
2057|114.895
2058|119.07
2059|120.285
2060|119.988
2061|120.015
2062|119.563
2063|119.822
2064|119.437
2065|119.579
2066|120.048
2067|119.656
2068|118.471
2069|120.427
2070|119.322
2071|119.339
2072|119.662
2073|119.96
2074|119.804
2075|118.174
2076|119.539
2077|120.331
2078|119.842
2079|120.181
2080|119.154
2081|119.392
2082|119.306
2083|119.547
2084|119.934
2085|119.612
2086|119.339
2087|119.855
2088|119.29
2089|120.145
2090|119.34
2091|115.386
2092|119.967
2093|119.537
2094|119.976
2095|119.581
2096|119.561
2097|119.349
2098|119.263
2099|120.288
2100|119.798
2101|119.554
2102|119.762
2103|118.587
2104|119.141
2105|119.577
2106|119.002
2107|118.167
2108|119.451
2109|119.322
2110|119.382
2111|119.753
2112|118.044
2113|118.517
2114|119.796
2115|119.875
2116|120.333
2117|120.292
2118|119.295
2119|120.469
2120|119.501
2121|119.443
2122|120.247
2123|116.189
2124|119.649
2125|120.26
2126|119.861
2127|120.311
2128|120.451
2129|119.497
2130|119.025
2131|119.198
2132|119.815
2133|119.851
2134|120.26
2135|119.617
2136|119.664
2137|119.121
2138|119.599
2139|120.153
2140|119.511
2141|119.519
2142|119.64
2143|120.34
2144|119.433
2145|119.874
2146|116.756
2147|117.664
2148|119.662
2149|119.302
2150|118.443
2151|117.575
2152|117.617
2153|117.552
2154|118.835
2155|120.136
2156|120.317
2157|117.925
2158|119.12
2159|119.362
2160|117.628
2161|117.091
2162|119.516
2163|119.349
2164|119.953
2165|119.484
2166|119.692
2167|119.332
2168|118.42
2169|118.504
2170|119.766
2171|119.499
2172|119.634
2173|118.157
2174|119.298
2175|119.53
2176|119.835
2177|119.69
2178|119.069
2179|120.005
2180|119.644
2181|115.17
2182|119.985
2183|118.296
2184|119.576
2185|119.632
2186|119.489
2187|119.463
2188|119.829
2189|119.335
2190|119.906
2191|120.045
2192|119.712
2193|118.026
2194|120.388
2195|119.432
2196|117.265
2197|120.228
2198|120.341
2199|119.576
2200|119.154
2201|119.092
2202|119.697
2203|120.185
2204|118.461
2205|119.306
2206|120.388
2207|119.416
2208|119.96
2209|115.201
2210|120.362
2211|119.353
2212|119.929
2213|119.74
2214|119.897
2215|119.988
2216|120.322
2217|118.462
2218|119.182
2219|119.404
2220|119.165
2221|117.228
2222|119.875
2223|119.424
2224|106.277
2225|119.867
2226|119.672
2227|120.36
2228|119.362
2229|117.461
2230|119.416
2231|119.521
2232|118.652
2233|119.672
2234|120.278
2235|119.89
2236|119.975
2237|119.184
2238|119.921
2239|118.279
2240|119.819
2241|119.769
2242|118.866
2243|119.551
2244|119.06
2245|119.144
2246|119.141
2247|119.677
2248|118.785
2249|119.841
2250|118.939
2251|118.961
2252|117.452
2253|119.786
2254|117.381
2255|120.055
2256|119.164
2257|119.874
2258|119.624
2259|119.956
2260|119.662
2261|120.058
2262|118.783
2263|119.894
2264|119.91
2265|119.949
2266|118.36
2267|116.816
2268|119.236
2269|119.781
2270|119.171
2271|118.389
2272|117.626
2273|119.712
2274|119.333
2275|118.813
2276|118.194
2277|119.164
2278|117.239
2279|119.221
2280|119.138
2281|119.079
2282|119.862
2283|119.729
2284|120.049
2285|119.891
2286|118.208
2287|120.048
2288|119.461
2289|120.26
2290|119.531
2291|119.49
2292|119.539
2293|119.769
2294|119.273
2295|119.733
2296|119.519
2297|119.687
2298|119.345
2299|118.364
2300|118.754
2301|120.093
2302|120.091
2303|118.392
2304|119.936
2305|119.377
2306|119.776
2307|118.646
2308|117.586
2309|118.649
2310|119.271
2311|120.041
2312|117.75
2313|116.73
2314|118.896
2315|119.253
2316|117.306
2317|118.742
2318|119.819
2319|120.025
2320|120.315
2321|119.862
2322|119.292
2323|119.663
2324|119.702
2325|118.085
2326|120.252
2327|120.088
2328|119.639
2329|119.272
2330|119.041
2331|119.906
2332|119.824
2333|119.419
2334|119.699
2335|119.934
2336|119.61
2337|118.891
2338|119.867
2339|119.685
2340|120.364
2341|119.494
2342|120.288
2343|120.388
2344|113.068
2345|119.973
2346|118.802
2347|116.683
2348|119.755
2349|118.224
2350|120.211
2351|119.795
2352|119.883
2353|120.207
2354|119.042
2355|120.328
2356|119.791
2357|120.472
2358|119.57
2359|119.201
2360|117.528
2361|118.752
2362|119.782
2363|119.975
2364|119.914
2365|119.867
2366|120.425
2367|119.141
2368|119.976
2369|120.006
2370|119.913
2371|119.451
2372|120.041
2373|119.66
2374|117.979
2375|119.589
2376|119.798
2377|119.852
2378|118.208
2379|118.814
2380|119.509
2381|119.709
2382|120.52
2383|119.157
2384|119.396
2385|118.951
2386|119.383
2387|119.39
2388|119.696
2389|120
2390|117.632
2391|119.253
2392|119.715
2393|119.652
2394|119.603
2395|119.107
2396|120.457
2397|119.429
2398|114.546
2399|120.153
2400|119.772
2401|120.116
2402|119.74
2403|120.156
2404|119.748
2405|118.975
2406|119.332
2407|119.573
2408|119.544
2409|119.771
2410|119.067
2411|119.211
2412|120.344
2413|119.481
2414|119.687
2415|116.727
2416|119.728
2417|119.436
2418|119.749
2419|117.948
2420|117.815
2421|118.973
2422|118.198
2423|118.454
2424|119.878
2425|120.064
2426|120.25
2427|119.427
2428|118.506
2429|119.86
2430|119.393
2431|118.899
2432|119.386
2433|120.132
2434|119.736
2435|118.074
2436|119.619
2437|119.349
2438|119.733
2439|119.42
2440|117.768
2441|118.628
2442|119.38
2443|113.221
2444|119.172
2445|119.3
2446|119.789
2447|119.851
2448|119.962
2449|118.03
2450|119.29
2451|119.103
2452|119.005
2453|118.913
2454|120.447
2455|119.352
2456|119.693
2457|118.754
2458|119.008
2459|118.974
2460|119.622
2461|120.299
2462|119.489
2463|119.914
2464|118.592
2465|120.156
2466|119.574
2467|119.506
2468|119.931
2469|119.453
2470|116.685
2471|119.493
2472|120.031
2473|119.613
2474|118.001
2475|119.584
2476|118.555
2477|119.446
2478|119.219
2479|119.736
2480|119.543
2481|119.686
2482|119.837
2483|118.269
2484|119.573
2485|119.198
2486|118.886
2487|119.674
2488|119.497
2489|119.778
2490|119.95
2491|119.613
2492|120.09
2493|119.977
2494|119.642
2495|120.54
2496|117.334
2497|120.369
2498|119.12
2499|117.008
2500|119.295
2501|112.754
2502|119.489
2503|119.695
2504|117.392
2505|119.541
2506|119.467
2507|120.382
2508|119.983
2509|120.044
2510|119.369
2511|119.333
2512|119.417
2513|118.907
2514|119.402
2515|118.483
2516|119.995
2517|118.956
2518|113.671
2519|119.93
2520|117.214
2521|119.51
2522|117.99
2523|118.94
2524|117.712
2525|119.609
2526|119.633
2527|119.728
2528|120.123
2529|119.697
2530|119.56
2531|116.062
2532|117.067
2533|119.781
2534|119.591
2535|119.791
2536|119.957
2537|119.447
2538|120.179
2539|119.497
2540|119.9
2541|119.883
2542|118.46
2543|119.888
2544|119.624
2545|119.544
2546|119.656
2547|119.848
2548|118.603
2549|119.769
2550|119.809
2551|119.799
2552|120.211
2553|118.31
2554|120.243
2555|119.662
2556|119.379
2557|119.673
2558|119.776
2559|119.604
2560|120.459
2561|118.948
2562|118.089
2563|120.356
2564|120.273
2565|119.664
2566|119.627
2567|119.422
2568|119.192
2569|119.893
2570|120.373
2571|119.039
2572|117.248
2573|119.697
2574|117.673
2575|118.861
2576|119.322
2577|116.499
2578|120.353
2579|119.15
2580|114.089
2581|120.036
2582|120.346
2583|119.913
2584|119.946
2585|118.956
2586|119.982
2587|117.718
2588|119.728
2589|119.315
2590|119.163
2591|119.519
2592|119.392
2593|119.365
2594|119.862
2595|119.279
2596|119.746
2597|114.687
2598|119.931
2599|118.464
2600|118.196
2601|119.417
2602|119.434
2603|119.036
2604|117.912
2605|119.413
2606|120.357
2607|119.584
2608|119.944
2609|119.682
2610|119.891
2611|116.835
2612|118.893
2613|119.434
2614|120.304
2615|119.736
2616|118.617
2617|119.76
2618|119.564
2619|119.601
2620|119.649
2621|119.429
2622|119.363
2623|119.656
2624|117.786
2625|116.975
2626|118.922
2627|117.492
2628|119.594
2629|118.628
2630|119.31
2631|118.493
2632|118.95
2633|117.868
2634|119.356
2635|120.045
2636|119.255
2637|118.514
2638|118.651
2639|119.66
2640|119.653
2641|119.337
2642|119.188
2643|119.749
2644|119.933
2645|120.185
2646|120.188
2647|119.682
2648|119.743
2649|119.487
2650|119.077
2651|119.383
2652|118.95
2653|119.664
2654|119.626
2655|119.55
2656|119.414
2657|119.127
2658|119.616
2659|119.551
2660|119.716
2661|118.28
2662|119.673
2663|119.796
2664|119.819
2665|119.547
2666|120.483
2667|118.912
2668|119.74
2669|119.374
2670|119.699
2671|120.378
2672|120.226
2673|119.901
2674|119.705
2675|120.422
2676|119.799
2677|119.736
2678|119.95
2679|119.791
2680|120.253
2681|119.717
2682|119.46
2683|119.689
2684|119.736
2685|120.37
2686|119.604
2687|119.613
2688|120.438
2689|118.946
2690|119.73
2691|119.459
2692|119.722
2693|120.244
2694|119.773
2695|118.956
2696|119.717
2697|119.659
2698|120.296
2699|119.66
2700|120.187
2701|120.267
2702|119.73
2703|119.749
2704|118.604
2705|119.646
2706|119.477
2707|119.865
2708|108.872
2709|119.851
2710|119.805
2711|119.939
2712|120.101
2713|120.357
2714|119.717
2715|119.657
2716|120.006
2717|119.832
2718|119.262
2719|119.771
2720|119.763
2721|120.391
2722|119.629
2723|119.165
2724|119.908
2725|120.233
2726|118.946
2727|117.525
2728|119.511
2729|119.793
2730|117.915
2731|119.736
2732|120.304
2733|119.746
2734|119.68
2735|119.392
2736|119.54
2737|119.746
2738|116.874
2739|119.531
2740|120.107
2741|117.389
2742|117.524
2743|119.143
2744|119.248
2745|119.782
2746|119.049
2747|117.608
2748|118.944
2749|119.556
2750|119.103
2751|118.635
2752|118.77
2753|119.497
2754|119.053
2755|119.164
2756|116.9
2757|118.641
2758|118.503
2759|119.646
2760|118.233
2761|119.16
2762|119.469
2763|119.298
2764|119.831
2765|119.423
2766|119.497
2767|116.275
2768|119.623
2769|120.013
2770|119.123
2771|116.121
2772|119.466
2773|119.519
2774|117.541
2775|118.973
2776|119.268
2777|119.376
2778|118.033
2779|118.711
2780|119.799
2781|119.937
2782|119.447
2783|119.637
2784|119.384
2785|120.408
2786|119.637
2787|119.481
2788|119.736
2789|120.159
2790|119.554
2791|119.218
2792|119.581
2793|119.636
2794|119.63
2795|119.202
2796|118.347
2797|119.7
2798|117.25
2799|119.995
2800|119.709
2801|119.772
2802|118.573
2803|119.758
2804|119.486
2805|119.384
2806|119.732
2807|119.607
2808|119.393
2809|119.05
2810|119.857
2811|118.879
2812|119.738
2813|120.347
2814|119.75
2815|119.749
2816|118.596
2817|115.847
2818|120.299
2819|117.257
2820|119.569
2821|117.637
2822|119.911
2823|118.298
2824|119.564
2825|119.058
2826|119.657
2827|119.336
2828|118.85
2829|119.355
2830|119.255
2831|119.053
2832|120.075
2833|119.949
2834|120.123
2835|119.534
2836|119.975
2837|119.474
2838|118.062
2839|118.799
2840|119.533
2841|119.547
2842|119.667
2843|117.17
2844|119.726
2845|119.436
2846|119.083
2847|119.42
2848|119.629
2849|119.283
2850|119.855
2851|117.775
2852|119.087
2853|119.717
2854|119.838
2855|119.219
2856|119.652
2857|118.734
2858|119.309
2859|119.56
2860|117.095
2861|117.869
2862|119.221
2863|119.679
2864|119.97
2865|119.076
2866|118.149
2867|119.782
2868|119.604
2869|118.015
2870|119.333
2871|119.379
2872|119.64
2873|119.416
2874|118.483
2875|119.586
2876|119.88
2877|119.686
2878|118.554
2879|119.292
2880|119.765
2881|118.426
2882|119.983
2883|119.437
2884|119.806
2885|119.6
2886|120.476
2887|118.467
2888|116.349
2889|119.298
2890|119.48
2891|119.829
2892|119.953
2893|119.29
2894|119.07
2895|119.164
2896|119.464
2897|119.801
2898|119.756
2899|119.606
2900|119.273
2901|119.564
2902|119.735
2903|119.53
2904|120.444
2905|120.152
2906|119.654
2907|119.369
2908|119.969
2909|118.163
2910|119.881
2911|119.874
2912|119.705
2913|119.687
2914|119.639
2915|119.089
2916|120.399
2917|119.815
2918|119.055
2919|120.06
2920|119.939
2921|118.957
2922|117.701
2923|119.569
2924|119.664
2925|119.696
2926|119.276
2927|119.862
2928|119.949
2929|119.738
2930|119.783
2931|119.683
2932|119.766
2933|119.693
2934|119.127
2935|119.281
2936|119.916
2937|119.59
2938|118.728
2939|119.893
2940|119.494
2941|118.857
2942|119.832
2943|119.58
2944|120.226
2945|119.232
2946|120.26
2947|119.67
2948|116.805
2949|119.723
2950|119.977
2951|120.421
2952|119.453
2953|118.78
2954|119.849
2955|120.243
2956|119.457
2957|119.356
2958|119.783
2959|118.779
2960|118.575
2961|118.354
2962|119.477
2963|118.164
2964|118.896
2965|119.672
2966|118.58
2967|118.845
2968|119.443
2969|119.58
2970|119.065
2971|119.444
2972|119.596
2973|120.272
2974|119.036
2975|118.635
2976|119.589
2977|119.822
2978|118.739
2979|119.379
2980|119.355
2981|119.967
2982|120.055
2983|119.952
2984|119.195
2985|118.865
2986|117.607
2987|120.28
2988|117.668
2989|119.406
2990|119.564
2991|120.463
2992|119.392
2993|119.943
2994|119.887
2995|119.985
2996|118.453
2997|118.703
2998|119.773
2999|119.109
3000|118.713
3001|119.226
3002|119.6
3003|119.097
3004|119.43
3005|119.964
3006|119.749
3007|119.702
3008|119.786
3009|119.868
3010|119.593
3011|119.035
3012|118.707
3013|118.83
3014|113.843
3015|119.185
3016|120.146
3017|120.1
3018|118.747
3019|119.032
3020|119.35
3021|120.428
3022|119.861
3023|118.514
3024|119.653
3025|118.793
3026|118.697
3027|119.891
3028|119.712
3029|118.937
3030|119.099
3031|119.51
3032|119.798
3033|119.871
3034|119.726
3035|120.132
3036|119.6
3037|119.275
3038|119.712
3039|119.483
3040|119.759
3041|119.308
3042|118.977
3043|119.643
3044|119.549
3045|119.834
3046|119.228
3047|120.075
3048|118.883
3049|119.236
3050|119.509
3051|120.395
3052|120.36
3053|119.789
3054|119.516
3055|116.647
3056|119.94
3057|119.271
3058|119.91
3059|119.16
3060|118.926
3061|119.844
3062|118.107
3063|119.043
3064|119.656
3065|116.561
3066|119.906
3067|118.96
3068|119.103
3069|119.414
3070|117.768
3071|120.113
3072|119.728
3073|120.07
3074|119.865
3075|118.415
3076|119.434
3077|119.939
3078|118.616
3079|118.639
3080|120.382
3081|120.009
3082|119.868
3083|119.459
3084|119.702
3085|117.182
3086|119.782
3087|119.106
3088|119.752
3089|119.426
3090|120.383
3091|119.238
3092|120.393
3093|118.391
3094|119.633
3095|119.496
3096|119.828
3097|119.407
3098|120.405
3099|119.539
3100|118.785
3101|118.413
3102|119.325
3103|118.223
3104|119.319
3105|118.655
3106|119.153
3107|119.825
3108|120.411
3109|120.011
3110|119.791
3111|119.75
3112|120.009
3113|120.124
3114|119.854
3115|119.626
3116|120.27
3117|119.872
3118|120.057
3119|119.143
3120|118.385
3121|118.447
3122|119.999
3123|119.824
3124|118.827
3125|118.923
3126|119.888
3127|119.732
3128|119.745
3129|119.336
3130|118.948
3131|118.885
3132|119.07
3133|119.769
3134|118.967
3135|119.66
3136|119.946
3137|119.346
3138|119.99
3139|117.321
3140|118.799
3141|119.652
3142|119.335
3143|119.637
3144|119.927
3145|117.621
3146|120.117
3147|119.55
3148|119.706
3149|119.722
3150|119.634
3151|119.326
3152|119.705
3153|118.458
3154|118.556
3155|118.896
3156|119.581
3157|118.732
3158|118.614
3159|119.815
3160|117.784
3161|118.417
3162|120.166
3163|119.644
3164|119.918
3165|119.871
3166|120.362
3167|119.432
3168|119.613
3169|119.601
3170|119.634
3171|120.146
3172|119.167
3173|119.256
3174|117.211
3175|120.087
3176|118.974
3177|119.569
3178|119.703
3179|119.616
3180|119.72
3181|119.449
3182|118.582
3183|119.812
3184|119.523
3185|116.136
3186|119.646
3187|119.629
3188|118.625
3189|119.908
3190|118.061
3191|119.619
3192|118.096
3193|119.748
3194|119.249
3195|120.205
3196|119.441
3197|114.368
3198|118.879
3199|119.593
3200|119.119
3201|119.14
3202|119.315
3203|120.431
3204|119.342
3205|119.577
3206|118.583
3207|119.697
3208|118.426
3209|120.465
3210|119.248
3211|119.802
3212|119.036
3213|119.61
3214|119.043
3215|117.421
3216|119.504
3217|118.489
3218|119.167
3219|119.89
3220|117.977
3221|119.695
3222|119.306
3223|119.86
3224|118.275
3225|118.346
3226|119.676
3227|119.755
3228|119.52
3229|119.662
3230|119.828
3231|119.604
3232|119.844
3233|119.055
3234|119.503
3235|119.95
3236|119.496
3237|117.806
3238|119.686
3239|118.604
3240|117.897
3241|119.725
3242|117.416
3243|119.894
3244|119.47
3245|120.496
3246|119.136
3247|119.016
3248|119.569
3249|118.637
3250|120.088
3251|119.73
3252|120.176
3253|119.943
3254|119.676
3255|119.933
3256|119.484
3257|119.749
3258|118.249
3259|117.743
3260|119.567
3261|119.234
3262|119.463
3263|119.713
3264|119.225
3265|119.728
3266|119.673
3267|120.182
3268|118.818
3269|119.376
3270|119.646
3271|119.689
3272|120.217
3273|119.642
3274|118.803
3275|119.68
3276|120.187
3277|119.806
3278|119.626
3279|120.453
3280|119.773
3281|120.378
3282|119.489
3283|119.999
3284|118.912
3285|119.975
3286|119.215
3287|119.893
3288|119.772
3289|120.305
3290|118.45
3291|119.789
3292|120.041
3293|119.95
3294|119.461
3295|119.709
3296|119.005
3297|119.762
3298|119.881
3299|119.664
3300|118.703
3301|119.503
3302|119.603
3303|117.99
3304|119.47
3305|119.357
3306|119.524
3307|117.911
3308|119.527
3309|118.98
3310|119.453
3311|118.787
3312|117.776
3313|117.521
3314|118.606
3315|119.842
3316|119.276
3317|119.644
3318|119.634
3319|120.396
3320|119.759
3321|118.099
3322|119.382
3323|118.46
3324|119.623
3325|117.144
3326|120.097
3327|119.939
3328|119.42
3329|119.949
3330|119.722
3331|119.218
3332|119.682
3333|119.47
3334|120.408
3335|118.05
3336|119.612
3337|119.278
3338|119.355
3339|119.547
3340|119.906
3341|119.738
3342|119.226
3343|117.697
3344|120.096
3345|117.797
3346|119.084
3347|118.937
3348|118.266
3349|119.266
3350|119.637
3351|120.091
3352|118.101
3353|119.614
3354|119.857
3355|118.776
3356|119.363
3357|119.792
3358|118.707
3359|118.6
3360|118.54
3361|119.854
3362|119.738
3363|118.46
3364|119.185
3365|119.036
3366|119.463
3367|119.309
3368|118.927
3369|118.032
3370|119.969
3371|119.217
3372|119.54
3373|119.407
3374|119.713
3375|119.47
3376|119.282
3377|118.575
3378|119.48
3379|119.556
3380|119.486
3381|119.433
3382|119.426
3383|118.082
3384|119.326
3385|117.438
3386|119.762
3387|118.429
3388|119.666
3389|119.36
3390|120.48
3391|119.547
3392|119.463
3393|119.271
3394|120.433
3395|118.436
3396|120.122
3397|118.317
3398|119.262
3399|119.584
3400|118.751
3401|119.42
3402|119.695
3403|119.669
3404|119.432
3405|119.503
3406|119.677
3407|119.392
3408|119.679
3409|119.469
3410|118.896
3411|119.55
3412|119.256
3413|119.812
3414|120.405
3415|120.289
3416|119.864
3417|117.368
3418|120.38
3419|118.67
3420|120.034
3421|118.259
3422|120.041
3423|119.273
3424|118.896
3425|118.735
3426|119.715
3427|118.796
3428|118.651
3429|118.865
3430|119.963
3431|120.356
3432|120.36
3433|119.663
3434|118.447
3435|119.692
3436|120.265
3437|119.914
3438|119.369
3439|119.262
3440|120.428
3441|120.512
3442|116.922
3443|119.335
3444|120.299
3445|118.234
3446|120.399
3447|119.6
3448|118.919
3449|120.127
3450|119.753
3451|119.63
3452|119.952
3453|119.696
3454|120.116
3455|117.766
3456|119.261
3457|120.153
3458|118.991
3459|119.172
3460|118.837
3461|118.53
3462|119.308
3463|119.736
3464|119.719
3465|120.475
3466|119.178
3467|119.779
3468|119.51
3469|119.719
3470|119.194
3471|119.848
3472|119.753
3473|119.55
3474|118.807
3475|119.696
3476|119.228
3477|118.888
3478|119.397
3479|118.578
3480|118.651
3481|119.506
3482|119.134
3483|118.917
3484|119.427
3485|118.044
3486|118.166
3487|118.809
3488|119.918
3489|119.783
3490|119.15
3491|119.567
3492|117.808
3493|119.094
3494|119.29
3495|120.021
3496|118.293
3497|119.709
3498|117.535
3499|119.283
3500|119.553
3501|116.869
3502|118.896
3503|118.282
3504|118.902
3505|119.763
3506|119.923
3507|117.213
3508|119.43
3509|118.16
3510|118.854
3511|119.499
3512|119.187
3513|118.834
3514|120.205
3515|119.796
3516|118.906
3517|120.456
3518|117.883
3519|119.536
3520|118.453
3521|118.95
3522|119.185
3523|118.833
3524|119.526
3525|120.029
3526|119.18
3527|119.783
3528|119.479
3529|119.73
3530|118.893
3531|119.726
3532|119.021
3533|119.65
3534|119.667
3535|119.918
3536|120.096
3537|118.594
3538|118.714
3539|118.441
3540|119.559
3541|117.725
3542|118.324
3543|119.529
3544|119.18
3545|118.883
3546|119.775
3547|119.815
3548|119.924
3549|119.587
3550|119.778
3551|119.699
3552|119.696
3553|119.652
3554|118.666
3555|119.954
3556|119.706
3557|120.155
3558|120.378
3559|119.956
3560|119.673
3561|119.454
3562|119.419
3563|120.189
3564|118.803
3565|120.159
3566|118.196
3567|120.041
3568|119.59
3569|120.201
3570|120.367
3571|119.712
3572|120.45
3573|120.247
3574|118.811
3575|118.583
3576|118.426
3577|120.273
3578|119.355
3579|120.159
3580|118.359
3581|119.877
3582|119.857
3583|119.941
3584|120.34
3585|119.982
3586|119.766
3587|120.096
3588|119.419
3589|119.911
3590|119.005
3591|119.337
3592|119.654
3593|119.048
3594|119.642
3595|119.32
3596|119.574
3597|118.765
3598|119.57
3599|119.559
3600|119.709
3601|117.583
3602|119.812
3603|119.459
3604|120.499
3605|119.106
3606|117.213
3607|118.181
3608|119.104
3609|118.199
3610|118.974
3611|120.083
3612|119.649
3613|120.088
3614|119.339
3615|119.092
3616|119.679
3617|119.477
3618|119.776
3619|118.8
3620|119.725
3621|119.5
3622|117.976
3623|119.429
3624|119.676
3625|118.803
3626|119.561
3627|118.676
3628|119.67
3629|118.672
3630|120.499
3631|119.496
3632|119.616
3633|118.375
3634|119.352
3635|120.161
3636|119.908
3637|118.571
3638|119.907
3639|119.412
3640|119.897
3641|119.537
3642|118.402
3643|118.713
3644|119.614
3645|119.601
3646|119.676
3647|119.864
3648|118.586
3649|118.711
3650|119.443
3651|119.89
3652|119.6
3653|119.672
3654|119.798
3655|117.48
3656|118.703
3657|118.866
3658|119.702
3659|119.45
3660|120.499
3661|119.39
3662|119.56
3663|119.581
3664|119.699
3665|119.481
3666|119.73
3667|118.258
3668|118.814
3669|119.497
3670|118.845
3671|119.613
3672|119.571
3673|120.123
3674|119.716
3675|119.672
3676|119.596
3677|120.231
3678|119.739
3679|118.599
3680|119.603
3681|118.785
3682|119.463
3683|119.004
3684|118.699
3685|119.54
3686|119.821
3687|118.371
3688|118.645
3689|118.842
3690|119.716
3691|119.617
3692|119.657
3693|118.754
3694|119.199
3695|117.434
3696|119.403
3697|119.259
3698|117.997
3699|119.669
3700|119.083
3701|120.388
3702|117.72
3703|119.199
3704|117.665
3705|119.844
3706|119.134
3707|120.379
3708|119.99
3709|119.265
3710|119.75
3711|119.073
3712|119.943
3713|119.663
3714|119.42
3715|119.985
3716|119.497
3717|119.64
3718|119.717
3719|119.37
3720|119.643
3721|119.782
3722|119.454
3723|118.395
3724|119.627
3725|119.739
3726|119.299
3727|118.276
3728|119.685
3729|120.061
3730|119.606
3731|120.133
3732|118.751
3733|120.539
3734|119.584
3735|119.877
3736|119.546
3737|119.423
3738|119.652
3739|118.391
3740|119.47
3741|118.85
3742|120.12
3743|119.779
3744|120.174
3745|119.564
3746|120.182
3747|119.263
3748|120.048
3749|119.728
3750|119.808
3751|119.773
3752|119.456
3753|119.822
3754|119.164
3755|119.551
3756|119.427
3757|120.494
3758|118.374
3759|118.834
3760|117.408
3761|119.682
3762|120.169
3763|119.716
3764|119.437
3765|120.359
3766|119.517
3767|119.61
3768|119.424
3769|119.106
3770|119.497
3771|117.549
3772|118.631
3773|118.883
3774|118.266
3775|119.484
3776|119.976
3777|119.489
3778|119.497
3779|119.713
3780|119.551
3781|119.636
3782|119.501
3783|119.728
3784|118.572
3785|117.887
3786|119.161
3787|120.221
3788|119.526
3789|119.763
3790|117.936
3791|118.831
3792|119.456
3793|119.723
3794|118.61
3795|120.081
3796|118.783
3797|119.814
3798|118.226
3799|120.314
3800|119.309
3801|119.758
3802|119.319
3803|119.526
3804|119.062
3805|119.577
3806|119.397
3807|119.52
3808|119.69
3809|119.055
3810|118.82
3811|119.34
3812|117.668
3813|117.295
3814|118.919
3815|117.622
3816|119.369
3817|119.147
3818|119.413
3819|118.906
3820|119.493
3821|118.811
3822|119.423
3823|117.809
3824|120.236
3825|119.782
3826|120.421
3827|120.011
3828|119.649
3829|118.398
3830|119.818
3831|117.314
3832|119.486
3833|119.786
3834|118.135
3835|119.717
3836|118.378
3837|119.735
3838|119.249
3839|119.677
3840|118.617
3841|119.392
3842|119.633
3843|119.715
3844|119.293
3845|118.377
3846|120.38
3847|119.246
3848|119.837
3849|120.011
3850|119.765
3851|119.707
3852|120.009
3853|119.972
3854|119.918
3855|119.5
3856|118.074
3857|119.141
3858|120.457
3859|119.124
3860|119.742
3861|118.95
3862|119.634
3863|119.786
3864|119.745
3865|120.137
3866|119.657
3867|119.702
3868|115.322
3869|119.571
3870|119.076
3871|119.788
3872|118.618
3873|120.179
3874|119.285
3875|119.503
3876|119.281
3877|119.285
3878|119.707
3879|114.871
3880|119.871
3881|119.725
3882|119.403
3883|119.46
3884|120.476
3885|117.962
3886|119.109
3887|119.509
3888|119.845
3889|119.263
3890|119.666
3891|119.188
3892|119.387
3893|119.47
3894|116.659
3895|119.499
3896|119.782
3897|119.145
3898|119.319
3899|119.434
3900|118.542
3901|119.113
3902|118.583
3903|119.499
3904|119.91
3905|118.519
3906|119.791
3907|119.336
3908|119.379
3909|119.285
3910|119.837
3911|120.171
3912|120.346
3913|117.865
3914|118.342
3915|119.589
3916|118.693
3917|119.099
3918|119.74
3919|119.005
3920|119.461
3921|119.355
3922|119.577
3923|118.94
3924|119.712
3925|119.601
3926|119.464
3927|119.099
3928|119.692
3929|119.837
3930|119.728
3931|119.851
3932|116.723
3933|119.513
3934|117.474
3935|119.379
3936|115.985
3937|119.556
3938|117.635
3939|119.686
3940|118.732
3941|119.772
3942|119.901
3943|119.702
3944|119.188
3945|119.818
3946|119.143
3947|118.54
3948|119.031
3949|120.021
3950|118.803
3951|119.783
3952|119.432
3953|119.614
3954|119.181
3955|119.032
3956|120.031
3957|120.372
3958|117.414
3959|119.654
3960|117.272
3961|119.666
3962|118.265
3963|117.723
3964|119.253
3965|119.553
3966|119.092
3967|118.482
3968|119.194
3969|119.55
3970|118.872
3971|119.967
3972|119.315
3973|119.587
3974|117.678
3975|119.6
3976|119.104
3977|119.587
3978|119.178
3979|120.259
3980|119.619
3981|119.712
3982|119.114
3983|117.849
3984|118.549
3985|119.804
3986|118.9
3987|118.769
3988|119.524
3989|119.7
3990|119.248
3991|119.775
3992|119.195
3993|120.286
3994|119.584
3995|119.769
3996|119.449
3997|119.758
3998|119.593
3999|119.283
4000|118.794
4001|120.223
4002|119.551
4003|119.818
4004|120.174
4005|118.978
4006|117.813
4007|119.519
4008|119.49
4009|120.328
4010|119.527
4011|119.09
4012|118.68
4013|119.039
4014|119.756
4015|118.943
4016|119.739
4017|119.865
4018|119.511
4019|118.806
4020|119.554
4021|119.205
4022|119.151
4023|120.148
4024|119.624
4025|119.662
4026|119.6
4027|119.782
4028|118.995
4029|119.601
4030|118.876
4031|117.257
4032|119.647
4033|119.738
4034|119.792
4035|119.782
4036|120.409
4037|119.798
4038|119.66
4039|120.369
4040|119.623
4041|119.98
4042|119.934
4043|118.493
4044|119.404
4045|119.86
4046|119.988
4047|116.489
4048|119.42
4049|120.029
4050|119.719
4051|118.554
4052|119.785
4053|118.824
4054|119.596
4055|119.57
4056|119.73
4057|118.646
4058|117.93
4059|118.548
4060|119.141
4061|117.711
4062|120.062
4063|118.655
4064|119.265
4065|119.265
4066|119.773
4067|119.416
4068|119.831
4069|118.166
4070|119.566
4071|119.224
4072|119.045
4073|117.306
4074|119.521
4075|119.256
4076|120.259
4077|119.271
4078|117.269
4079|119.743
4080|118.154
4081|119.17
4082|118.866
4083|118.927
4084|119.209
4085|119.97
4086|119.723
4087|119.293
4088|119.822
4089|119.571
4090|119.872
4091|118.844
4092|118.926
4093|119.019
4094|120.267
4095|119.443
4096|119.686
4097|119.414
4098|119.225
4099|119.471
4100|119.786
4101|119.547
4102|119.471
4103|117.632
4104|119.231
4105|119.531
4106|119.616
4107|118.954
4108|119.759
4109|119.327
4110|119.393
4111|117.501
4112|118.717
4113|119.103
4114|119.695
4115|119.032
4116|118.923
4117|119.288
4118|119.111
4119|119.949
4120|119.903
4121|118.978
4122|120.122
4123|119.309
4124|120.204
4125|119.224
4126|119.161
4127|119.66
4128|120.08
4129|119.94
4130|118.953
4131|119.71
4132|119.343
4133|119.239
4134|119.604
4135|119.422
4136|119.617
4137|119.365
4138|119.672
4139|119.481
4140|120.434
4141|118.704
4142|118.646
4143|120.113
4144|119.748
4145|119.205
4146|119.888
4147|119.593
4148|119.308
4149|119.67
4150|119.66
4151|120.227
4152|119.389
4153|119.676
4154|118.053
4155|117.973
4156|120.307
4157|119.916
4158|118.454
4159|120.386
4160|117.837
4161|116.939
4162|120.088
4163|118.129
4164|120.016
4165|119.851
4166|119.564
4167|119.802
4168|120.434
4169|118.933
4170|118.837
4171|119.487
4172|118.434
4173|119.664
4174|119.841
4175|119.642
4176|119.523
4177|119.172
4178|119.234
4179|119.461
4180|116.542
4181|119.491
4182|120.012
4183|119.539
4184|119.916
4185|120.24
4186|118.789
4187|119.828
4188|119.875
4189|118.021
4190|119.496
4191|117.618
4192|119.659
4193|119.282
4194|119.228
4195|118.585
4196|119.496
4197|119.413
4198|119.927
4199|117.106
4200|119.728
4201|119.623
4202|119.717
4203|119.527
4204|119.279
4205|119.332
4206|118.748
4207|119.473
4208|118.895
4209|119.9
4210|119.016
4211|119.063
4212|118.92
4213|118.84
4214|119.329
4215|119.728
4216|119.446
4217|119.888
4218|119.652
4219|119.507
4220|119.295
4221|119.74
4222|119.529
4223|119.325
4224|118.886
4225|118.06
4226|119.195
4227|118.778
4228|119.33
4229|118.384
4230|119.397
4231|118.711
4232|119.48
4233|119.983
4234|116.857
4235|119.756
4236|119.205
4237|119.68
4238|119.507
4239|119.523
4240|119.56
4241|119.637
4242|117.673
4243|119.957
4244|120.06
4245|118.861
4246|119.065
4247|116.519
4248|118.793
4249|119.494
4250|118.84
4251|118.057
4252|119.61
4253|119.461
4254|119.739
4255|119.339
4256|119.507
4257|119.357
4258|119.804
4259|119.086
4260|119.725
4261|120.198
4262|119.623
4263|119.832
4264|120.237
4265|120.034
4266|118.685
4267|117.797
4268|119.845
4269|119.537
4270|119.447
4271|120.093
4272|119.696
4273|117.176
4274|119.599
4275|119.898
4276|117.708
4277|119.606
4278|119.791
4279|119.993
4280|119.743
4281|119.397
4282|119.722
4283|119.76
4284|120.136
4285|119.399
4286|119.755
4287|119.712
4288|119.944
4289|119.622
4290|119.422
4291|119.881
4292|119.818
4293|118.571
4294|116.818
4295|117.848
4296|118.668
4297|119.656
4298|118.794
4299|117.154
4300|118.868
4301|117.324
4302|119.322
4303|118.586
4304|119.637
4305|119.272
4306|118.019
4307|117.427
4308|119.198
4309|117.39
4310|119.188
4311|119.881
4312|119.075
4313|119.662
4314|119.57
4315|119.082
4316|119.63
4317|118.54
4318|119.789
4319|118.811
4320|119.952
4321|119.36
4322|118.984
4323|119.451
4324|119.689
4325|118.99
4326|119.71
4327|118.129
4328|119.633
4329|118.625
4330|119.537
4331|119.15
4332|119.483
4333|119.251
4334|119.471
4335|118.916
4336|119.339
4337|118.201
4338|118.834
4339|117.768
4340|118.779
4341|119.205
4342|119.845
4343|119.399
4344|118.758
4345|118.078
4346|119.56
4347|119.975
4348|119.471
4349|118.858
4350|120.275
4351|119.12
4352|119.594
4353|119.566
4354|119.194
4355|119.127
4356|119.286
4357|119.706
4358|117.895
